3.873000000000001e-07
1.1848350000000004e-06
1.6249900000000007e-06
1.6252250000000006e-06
1.6254600000000005e-06
2.0129800000000008e-06
2.157535000000001e-06
2.1577700000000008e-06
2.545290000000001e-06
2.689845000000001e-06
2.690080000000001e-06
2.690315000000001e-06
2.690550000000001e-06
2.6907850000000008e-06
3.078305000000001e-06
3.222860000000001e-06
3.223095000000001e-06
3.6106150000000013e-06
4.5266700000000015e-06
5.133065000000002e-06
5.133300000000002e-06
5.1335350000000025e-06
5.133770000000003e-06
5.521290000000003e-06
5.665845000000002e-06
6.053365000000002e-06
6.197920000000002e-06
6.198155000000002e-06
6.1983900000000025e-06
6.585910000000002e-06
6.730465000000002e-06
6.730700000000002e-06
6.730935000000003e-06
6.731170000000003e-06
7.118690000000003e-06
7.928290000000003e-06
8.375885000000003e-06
8.376120000000002e-06
8.393635000000003e-06
8.401310000000003e-06
8.401545000000002e-06
8.401780000000002e-06
8.402015000000001e-06
8.40225e-06
8.789770000000001e-06
9.731025e-06
1.0351820000000001e-05
1.0352055e-05
1.035229e-05
1.073981e-05
1.0884365000000001e-05
1.08846e-05
1.0884835e-05
1.088507e-05
1.0885305e-05
1.0885539999999999e-05
1.0885774999999998e-05
1.0886009999999998e-05
1.0886244999999997e-05
1.0886479999999997e-05
1.1273999999999997e-05
1.1418554999999998e-05
1.1418789999999997e-05
1.1436229999999998e-05
1.1443824999999997e-05
1.1444059999999997e-05
1.1444294999999996e-05
1.1444529999999996e-05
1.1444764999999995e-05
1.1512734999999995e-05
1.1549289999999994e-05
1.1549524999999993e-05
1.1549759999999993e-05
1.1567199999999993e-05
1.1574794999999993e-05
1.1975889999999992e-05
1.2127724999999992e-05
1.2127959999999992e-05
1.2529054999999992e-05
1.2792844999999992e-05
1.2952039999999992e-05
1.2952274999999991e-05
1.295250999999999e-05
1.295274499999999e-05
1.295297999999999e-05
1.2953214999999989e-05
1.2953449999999989e-05
1.2953684999999988e-05
1.2953919999999988e-05
1.2954154999999987e-05
1.2971669999999988e-05
1.2979344999999987e-05
1.2979579999999987e-05
1.2979814999999986e-05
1.2980049999999986e-05
1.2997489999999986e-05
1.3005084999999986e-05
1.3022524999999986e-05
1.3030119999999985e-05
1.3030354999999985e-05
1.3030589999999984e-05
1.3030824999999984e-05
1.3031059999999983e-05
1.3460034999999984e-05
1.3633469999999983e-05
1.3633704999999983e-05
1.4062679999999983e-05
1.4926499999999983e-05
1.5417454999999983e-05
1.5417689999999982e-05
1.541792499999998e-05
1.5805444999999982e-05
1.594999999999998e-05
1.595023499999998e-05
1.599292999999998e-05
1.604585999999998e-05
1.6075294999999978e-05
1.6092734999999978e-05
1.6100329999999977e-05
1.6100564999999977e-05
1.6100799999999976e-05
1.6101034999999976e-05
1.6101269999999975e-05
1.6118709999999976e-05
1.6126304999999975e-05
1.6143744999999975e-05
1.6151339999999975e-05
1.6168779999999975e-05
1.6176374999999974e-05
1.6176609999999974e-05
1.6176844999999973e-05
1.6177079999999973e-05
1.6177314999999972e-05
1.6177549999999972e-05
1.617778499999997e-05
1.617801999999997e-05
1.617825499999997e-05
1.617848999999997e-05
1.617872499999997e-05
1.617895999999997e-05
1.617919499999997e-05
1.619663499999997e-05
1.6204229999999968e-05
1.6221669999999968e-05
1.6229264999999968e-05
1.6229499999999967e-05
1.6229734999999967e-05
1.6229969999999966e-05
1.6230204999999966e-05
1.6230439999999965e-05
1.6230674999999965e-05
1.6230909999999964e-05
1.6231144999999964e-05
1.6231379999999963e-05
1.6231614999999963e-05
1.6249054999999963e-05
1.6256649999999962e-05
1.6256884999999962e-05
1.625711999999996e-05
1.625735499999996e-05
1.625758999999996e-05
1.625782499999996e-05
1.625805999999996e-05
1.625829499999996e-05
1.625852999999996e-05
1.6258764999999958e-05
1.6258999999999957e-05
1.6259234999999957e-05
1.6259469999999956e-05
1.6276909999999957e-05
1.6284504999999956e-05
1.6284739999999955e-05
1.6284974999999955e-05
1.6713949999999955e-05
1.7012914999999955e-05
1.7193789999999953e-05
1.7194024999999953e-05
1.7194259999999952e-05
1.719449499999995e-05
1.719472999999995e-05
1.719496499999995e-05
1.719519999999995e-05
1.719543499999995e-05
1.719566999999995e-05
1.719590499999995e-05
1.7196139999999948e-05
1.7196374999999948e-05
1.7196609999999947e-05
1.7214049999999947e-05
1.7221644999999947e-05
1.7221879999999946e-05
1.7239319999999947e-05
1.7268719999999947e-05
1.7283674999999946e-05
1.7283909999999945e-05
1.7284144999999945e-05
1.7284379999999944e-05
1.7301819999999945e-05
1.7361074999999946e-05
1.7397869999999945e-05
1.7398104999999945e-05
1.7398339999999944e-05
1.7398574999999944e-05
1.7398809999999943e-05
1.7399044999999943e-05
1.7399279999999942e-05
1.7399514999999942e-05
1.7416954999999942e-05
1.742454999999994e-05
1.742478499999994e-05
1.742501999999994e-05
1.742525499999994e-05
1.742548999999994e-05
1.742572499999994e-05
1.744316499999994e-05
1.745075999999994e-05
1.7450994999999938e-05
1.7451229999999938e-05
1.7451464999999937e-05
1.7451699999999937e-05
1.7451934999999936e-05
1.7452169999999936e-05
1.7452404999999935e-05
1.7452639999999935e-05
1.7452874999999934e-05
1.7453109999999934e-05
1.7453344999999933e-05
1.7453579999999933e-05
1.7453814999999932e-05
1.749650999999993e-05
1.751858499999993e-05
1.751881999999993e-05
1.751905499999993e-05
1.7519289999999928e-05
1.753672999999993e-05
1.7544324999999928e-05
1.7544559999999927e-05
1.7561999999999928e-05
1.7591399999999928e-05
1.7606354999999927e-05
1.7606589999999927e-05
1.7606824999999926e-05
1.7607059999999926e-05
1.7607294999999925e-05
1.7607529999999925e-05
1.7607764999999924e-05
1.7607999999999924e-05
1.7608234999999923e-05
1.7625674999999923e-05
1.7633269999999923e-05
1.7650709999999923e-05
1.7680109999999923e-05
1.7695064999999922e-05
1.7695299999999922e-05
1.769553499999992e-05
1.769576999999992e-05
1.769600499999992e-05
1.769623999999992e-05
1.769647499999992e-05
1.769670999999992e-05
1.769694499999992e-05
1.7697179999999918e-05
1.7697414999999917e-05
1.7697649999999917e-05
1.7697884999999916e-05
1.7698119999999916e-05
1.7715559999999916e-05
1.7723154999999916e-05
1.7723389999999915e-05
1.7723624999999915e-05
1.7723859999999914e-05
1.7724094999999914e-05
1.7724329999999913e-05
1.7724564999999913e-05
1.7724799999999912e-05
1.772503499999991e-05
1.772526999999991e-05
1.772550499999991e-05
1.772573999999991e-05
1.772597499999991e-05
1.772620999999991e-05
1.772644499999991e-05
1.7726679999999908e-05
1.7726914999999908e-05
1.7727149999999907e-05
1.7727384999999907e-05
1.7727619999999906e-05
1.7727854999999906e-05
1.7728089999999905e-05
1.7728324999999905e-05
1.7728559999999904e-05
1.7728794999999903e-05
1.7746234999999904e-05
1.7753829999999903e-05
1.7754064999999903e-05
1.7754299999999902e-05
1.77969949999999e-05
1.78190699999999e-05
1.78193049999999e-05
1.78195399999999e-05
1.78197749999999e-05
1.7820009999999898e-05
1.7820244999999897e-05
1.7820479999999897e-05
1.7820714999999896e-05
1.7820949999999896e-05
1.7821184999999895e-05
1.7821419999999895e-05
1.7821654999999894e-05
1.7821889999999894e-05
1.7822124999999893e-05
1.7839564999999894e-05
1.7847159999999893e-05
1.7847394999999893e-05
1.7864834999999893e-05
1.7894234999999893e-05
1.7970124999999893e-05
1.8021719999999894e-05
1.8021954999999893e-05
1.8022189999999893e-05
1.8039629999999893e-05
1.8047224999999892e-05
1.8047459999999892e-05
1.804769499999989e-05
1.804792999999989e-05
1.804816499999989e-05
1.806560499999989e-05
1.807319999999989e-05
1.809063999999989e-05
1.849839999999989e-05
1.877427999999989e-05
1.894091499999989e-05
1.894114999999989e-05
1.894138499999989e-05
1.8941619999999888e-05
1.8941854999999887e-05
1.9329374999999888e-05
1.9473929999999887e-05
1.9474164999999886e-05
1.9474399999999886e-05
1.9474634999999885e-05
1.9474869999999885e-05
1.9475104999999884e-05
1.9475339999999884e-05
1.9492854999999883e-05
1.9500529999999884e-05
1.9500764999999884e-05
1.9500999999999883e-05
1.9501234999999883e-05
1.9501469999999882e-05
1.9501704999999882e-05
1.950193999999988e-05
1.951945499999988e-05
1.952712999999988e-05
1.952736499999988e-05
1.952759999999988e-05
1.952783499999988e-05
1.952806999999988e-05
1.957083999999988e-05
1.959299499999988e-05
1.959322999999988e-05
1.963599999999988e-05
1.968905999999988e-05
1.971857499999988e-05
1.971880999999988e-05
1.971904499999988e-05
1.971927999999988e-05
1.971951499999988e-05
1.971974999999988e-05
1.9719984999999878e-05
1.9720219999999877e-05
1.9720454999999877e-05
1.9720689999999876e-05
1.9720924999999876e-05
1.9721159999999875e-05
1.9721394999999875e-05
1.9721629999999874e-05
1.9721864999999874e-05
1.9739304999999874e-05
1.9746899999999874e-05
1.9764339999999874e-05
1.9771934999999873e-05
1.9772169999999873e-05
1.9772404999999872e-05
1.9772639999999872e-05
1.977287499999987e-05
1.981556999999987e-05
1.983764499999987e-05
1.983787999999987e-05
1.9880574999999867e-05
1.9933504999999866e-05
1.9962939999999865e-05
1.9963174999999865e-05
1.9963409999999864e-05
1.9980849999999865e-05
1.9988444999999864e-05
1.9988679999999864e-05
2.0031374999999862e-05
2.008430499999986e-05
2.011373999999986e-05
2.011397499999986e-05
2.011420999999986e-05
2.011444499999986e-05
2.011467999999986e-05
2.0114914999999858e-05
2.0115149999999858e-05
2.0115384999999857e-05
2.0115619999999857e-05
2.0133059999999857e-05
2.0140654999999856e-05
2.0158094999999857e-05
2.0165689999999856e-05
2.0165924999999856e-05
2.0166159999999855e-05
2.0166394999999855e-05
2.0166629999999854e-05
2.0166864999999854e-05
2.0167099999999853e-05
2.0167334999999853e-05
2.0167569999999852e-05
2.016780499999985e-05
2.016803999999985e-05
2.016827499999985e-05
2.016850999999985e-05
2.018594999999985e-05
2.019354499999985e-05
2.021098499999985e-05
2.021857999999985e-05
2.023601999999985e-05
2.024361499999985e-05
2.024384999999985e-05
2.0244084999999848e-05
2.0244319999999848e-05
2.0244554999999847e-05
2.0244789999999847e-05
2.0245024999999846e-05
2.0245259999999846e-05
2.0245494999999845e-05
2.0262934999999845e-05
2.0270529999999845e-05
2.0270764999999844e-05
2.0270999999999844e-05
2.0271234999999843e-05
2.0271469999999843e-05
2.0271704999999842e-05
2.027193999999984e-05
2.027217499999984e-05
2.027240999999984e-05
2.027264499999984e-05
2.027287999999984e-05
2.027311499999984e-05
2.027334999999984e-05
2.029078999999984e-05
2.029838499999984e-05
2.0298619999999838e-05
2.0298854999999837e-05
2.0341549999999836e-05
2.0363624999999835e-05
2.0363859999999835e-05
2.0364094999999834e-05
2.0751614999999835e-05
2.1561214999999835e-05
2.2008809999999833e-05
2.2009044999999833e-05
2.2009279999999832e-05
2.200951499999983e-05
2.200974999999983e-05
2.202718999999983e-05
2.243494999999983e-05
2.259422499999983e-05
2.298174499999983e-05
2.312629999999983e-05
2.312653499999983e-05
2.312676999999983e-05
2.3127004999999828e-05
2.351452499999983e-05
2.3659079999999828e-05
2.3659314999999827e-05
2.3659549999999827e-05
2.406064499999983e-05
2.4212479999999828e-05
2.4212714999999828e-05
2.4247254999999828e-05
2.426204999999983e-05
2.426228499999983e-05
2.426251999999983e-05
2.426275499999983e-05
2.4262989999999828e-05
2.4263224999999827e-05
2.4263459999999827e-05
2.4280974999999826e-05
2.4340409999999826e-05
2.4377364999999826e-05
2.4377599999999826e-05
2.4377834999999825e-05
2.4378069999999825e-05
2.4378304999999824e-05
2.4378539999999824e-05
2.4396054999999822e-05
2.4403729999999824e-05
2.4421169999999824e-05
2.4428764999999824e-05
2.4428999999999823e-05
2.4429234999999823e-05
2.4429469999999822e-05
2.4429704999999822e-05
2.442993999999982e-05
2.443017499999982e-05
2.447286999999982e-05
2.449494499999982e-05
2.4537639999999817e-05
2.4559714999999816e-05
2.4559949999999816e-05
2.4577389999999816e-05
2.4584984999999815e-05
2.4585219999999815e-05
2.4585454999999814e-05
2.4602969999999813e-05
2.4649599999999812e-05
2.4671834999999813e-05
2.4672069999999812e-05
2.467230499999981e-05
2.467253999999981e-05
2.467277499999981e-05
2.467300999999981e-05
2.467324499999981e-05
2.467347999999981e-05
2.467371499999981e-05
2.4673949999999808e-05
2.4716644999999806e-05
2.4738719999999806e-05
2.4738954999999805e-05
2.4739189999999805e-05
2.4739424999999804e-05
2.4739659999999804e-05
2.4739894999999803e-05
2.4740129999999803e-05
2.4740364999999802e-05
2.47578799999998e-05
2.4765554999999803e-05
2.4765789999999802e-05
2.47660249999998e-05
2.47662599999998e-05
2.5178979999999803e-05
2.6053379999999802e-05
2.7789939999999803e-05
2.8915614999999803e-05
2.8915849999999802e-05
2.89160849999998e-05
2.89163199999998e-05
2.93452949999998e-05
2.95187299999998e-05
2.95189649999998e-05
2.95191999999998e-05
2.9931919999999802e-05
3.0090874999999802e-05
3.00911099999998e-05
3.00913449999998e-05
3.01259599999998e-05
3.05789399999998e-05
3.07671749999998e-05
3.0767409999999804e-05
3.1237784999999803e-05
3.14400199999998e-05
3.1440254999999805e-05
3.18529749999998e-05
3.20119299999998e-05
3.2012164999999806e-05
3.23996849999998e-05
3.32092849999998e-05
3.36568799999998e-05
3.3657114999999805e-05
3.40996649999998e-05
3.42803799999998e-05
3.42806149999998e-05
3.4280849999999806e-05
3.428108499999981e-05
3.4668604999999806e-05
3.5453004999999805e-05
3.5886199999999806e-05
3.588643499999981e-05
3.588666999999981e-05
3.627418999999981e-05
3.705858999999981e-05
3.749178499999981e-05
3.749201999999981e-05
3.7492254999999814e-05
3.749248999999982e-05
3.7880009999999814e-05
3.8024564999999816e-05
3.802479999999982e-05
3.802503499999982e-05
3.804254999999982e-05
3.805022499999982e-05
3.850439999999982e-05
3.869223499999982e-05
3.8692469999999824e-05
3.869270499999983e-05
3.871014499999983e-05
3.871773999999983e-05
3.871797499999983e-05
3.8718209999999836e-05
3.871844499999984e-05
3.9105964999999836e-05
3.925051999999984e-05
3.925075499999984e-05
3.9250989999999844e-05
3.925122499999985e-05
3.925145999999985e-05
3.925169499999985e-05
3.9251929999999856e-05
3.925216499999986e-05
3.925239999999986e-05
3.9252634999999864e-05
3.925286999999987e-05
3.925310499999987e-05
3.964062499999987e-05
4.045022499999987e-05
4.0897819999999866e-05
4.089805499999987e-05
4.089828999999987e-05
4.0898524999999875e-05
4.131124499999987e-05
4.213524499999987e-05
4.2597239999999873e-05
4.2597474999999876e-05
4.259770999999988e-05
4.306808499999988e-05
4.327031999999988e-05
4.327055499999988e-05
4.327078999999988e-05
4.3271024999999886e-05
4.3683744999999884e-05
4.3976204999999886e-05
4.414971999999989e-05
4.414995499999989e-05
4.4150189999999894e-05
4.418472999999989e-05
4.419952499999989e-05
4.425931999999989e-05
4.428859499999989e-05
4.4288829999999896e-05
4.42890649999999e-05
4.47269849999999e-05
4.4900339999999895e-05
4.5338259999999895e-05
4.551161499999989e-05
4.5511849999999895e-05
4.55120849999999e-05
4.55123199999999e-05
4.5512554999999904e-05
4.55470949999999e-05
4.55618899999999e-05
4.55621249999999e-05
4.5562359999999905e-05
4.556259499999991e-05
4.556282999999991e-05
4.558026999999991e-05
4.5587864999999914e-05
4.558809999999992e-05
4.558833499999992e-05
4.558856999999992e-05
4.5588804999999925e-05
4.6015099999999925e-05
4.6181334999999926e-05
4.618156999999993e-05
4.618180499999993e-05
4.6182039999999934e-05
4.618227499999994e-05
4.618250999999994e-05
4.618274499999994e-05
4.6182979999999946e-05
4.618321499999995e-05
4.618344999999995e-05
4.6183684999999955e-05
4.618391999999996e-05
4.618415499999996e-05
4.618438999999996e-05
4.6184624999999966e-05
4.618485999999997e-05
4.618509499999997e-05
4.6185329999999975e-05
4.618556499999998e-05
4.622017999999998e-05
4.623505499999998e-05
4.623528999999998e-05
4.623552499999998e-05
4.6235759999999986e-05
4.623599499999999e-05
4.623622999999999e-05
4.6236464999999994e-05
4.62367e-05
4.6236935e-05
4.6271475e-05
4.6286269999999996e-05
4.6286505e-05
4.628674e-05
4.6286975000000004e-05
4.628721000000001e-05
4.628744500000001e-05
4.628768000000001e-05
4.6287915000000016e-05
4.628815000000002e-05
4.628838500000002e-05
4.6288620000000024e-05
4.628885500000003e-05
4.628909000000003e-05
4.628932500000003e-05
4.670204500000003e-05
4.686100000000003e-05
4.692889500000003e-05
4.696537000000003e-05
4.696560500000003e-05
4.6965840000000033e-05
4.6966075000000036e-05
4.696631000000004e-05
4.696654500000004e-05
4.698398500000004e-05
4.6991580000000045e-05
4.7009020000000045e-05
4.701661500000005e-05
4.701685000000005e-05
4.752600000000005e-05
4.774991500000005e-05
4.775015000000005e-05
4.816287000000005e-05
4.832182500000005e-05
4.8322060000000054e-05
4.832229500000006e-05
4.832253000000006e-05
4.835707000000006e-05
4.8371865000000055e-05
4.8784585000000054e-05
4.8943540000000054e-05
4.8960980000000054e-05
4.9007480000000054e-05
4.902963500000005e-05
4.9029870000000055e-05
4.9047310000000055e-05
4.905490500000006e-05
4.9467625000000056e-05
4.9626580000000056e-05
4.962681500000006e-05
4.962705000000006e-05
4.9627285000000065e-05
4.9644725000000065e-05
4.965232000000007e-05
4.965255500000007e-05
4.9652790000000074e-05
4.965302500000008e-05
4.965326000000008e-05
4.965349500000008e-05
4.9653730000000085e-05
4.965396500000009e-05
4.965420000000009e-05
4.9654435000000094e-05
4.96546700000001e-05
4.96549050000001e-05
4.96723450000001e-05
4.96799400000001e-05
4.9680175000000106e-05
4.968041000000011e-05
4.968064500000011e-05
4.9680880000000114e-05
4.968111500000012e-05
4.968135000000012e-05
4.968158500000012e-05
4.9766580000000126e-05
4.987171000000013e-05
4.992994500000013e-05
4.993018000000013e-05
4.994762000000013e-05
4.9955215000000136e-05
4.995545000000014e-05
5.036817000000014e-05
5.052712500000014e-05
5.061212000000014e-05
5.065579500000014e-05
5.065603000000014e-05
5.0656265000000145e-05
5.065650000000015e-05
5.065673500000015e-05
5.0656970000000153e-05
5.0657205000000156e-05
5.065744000000016e-05
5.065767500000016e-05
5.0657910000000165e-05
5.070060500000016e-05
5.072268000000016e-05
5.0722915000000166e-05
5.072315000000017e-05
5.072338500000017e-05
5.0723620000000174e-05
5.072385500000018e-05
5.072409000000018e-05
5.072432500000018e-05
5.076702000000018e-05
5.078909500000018e-05
5.082363500000018e-05
5.0838430000000176e-05
5.087297000000017e-05
5.088776500000017e-05
5.090520500000017e-05
5.0912800000000174e-05
5.091303500000018e-05
5.1339330000000176e-05
5.164362000000018e-05
5.182441500000018e-05
5.1824650000000185e-05
5.182488500000019e-05
5.182512000000019e-05
5.1825355000000194e-05
5.1825590000000196e-05
5.18258250000002e-05
5.2213345000000197e-05
5.23579000000002e-05
5.2392440000000196e-05
5.2407235000000194e-05
5.2441850000000197e-05
5.2456725000000194e-05
5.249126500000019e-05
5.250606000000019e-05
5.250629500000019e-05
5.2506530000000195e-05
5.25067650000002e-05
5.25070000000002e-05
5.25072350000002e-05
5.2507470000000206e-05
5.250770500000021e-05
5.297808000000021e-05
5.318031500000021e-05
5.3214855000000205e-05
5.3273055000000203e-05
5.33720150000002e-05
5.34721350000002e-05
5.3530610000000196e-05
5.35308450000002e-05
5.35310800000002e-05
5.3531315000000205e-05
5.3548755000000205e-05
5.355635000000021e-05
5.355658500000021e-05
5.3556820000000213e-05
5.359136000000021e-05
5.360615500000021e-05
5.360639000000021e-05
5.3606625000000215e-05
5.360686000000022e-05
5.3641400000000215e-05
5.365619500000021e-05
5.3656430000000216e-05
5.3673870000000216e-05
5.368146500000022e-05
5.368170000000022e-05
5.371624000000022e-05
5.373103500000022e-05
5.373127000000022e-05
5.374871000000022e-05
5.385026500000022e-05
5.390866000000022e-05
5.3908895000000225e-05
5.395166500000022e-05
5.397382000000022e-05
5.397405500000022e-05
5.3974290000000226e-05
5.397452500000023e-05
5.399196500000023e-05
5.4021365000000225e-05
5.403632000000023e-05
5.403655500000023e-05
5.4036790000000234e-05
5.4054230000000234e-05
5.408363000000023e-05
5.4098585000000233e-05
5.414135500000023e-05
5.416351000000023e-05
5.416374500000023e-05
5.418118500000023e-05
5.4188780000000234e-05
5.418901500000024e-05
5.418925000000024e-05
5.418948500000024e-05
5.4189720000000246e-05
5.422426000000024e-05
5.423905500000024e-05
5.4239290000000244e-05
5.423952500000025e-05
5.425696500000025e-05
5.426456000000025e-05
5.426479500000025e-05
5.4265030000000256e-05
5.426526500000026e-05
5.428270500000026e-05
5.429030000000026e-05
5.433307000000026e-05
5.435522500000026e-05
5.435546000000026e-05
5.435569500000026e-05
5.4355930000000265e-05
5.435616500000027e-05
5.435640000000027e-05
5.4356635000000274e-05
5.435687000000028e-05
5.435710500000028e-05
5.435734000000028e-05
5.437478000000028e-05
5.4421280000000283e-05
5.444343500000028e-05
5.4443670000000284e-05
5.444390500000029e-05
5.444414000000029e-05
5.447868000000029e-05
5.451978000000029e-05
5.454193500000029e-05
5.454217000000029e-05
5.454240500000029e-05
5.461030000000029e-05
5.464677500000029e-05
5.464701000000029e-05
5.4647245000000295e-05
5.46474800000003e-05
5.4682020000000295e-05
5.4740220000000294e-05
5.4769575000000295e-05
5.47698100000003e-05
5.47700450000003e-05
5.48045850000003e-05
5.4819380000000296e-05
5.48196150000003e-05
5.48198500000003e-05
5.4820085000000304e-05
5.482032000000031e-05
5.482055500000031e-05
5.482079000000031e-05
5.4872430000000314e-05
5.4894425000000314e-05
5.489466000000032e-05
5.489489500000032e-05
5.489513000000032e-05
5.4895365000000326e-05
5.492990500000032e-05
5.494470000000032e-05
5.4944935000000324e-05
5.494517000000033e-05
5.494540500000033e-05
5.500520000000033e-05
5.506983000000033e-05
5.5106465000000335e-05
5.510670000000034e-05
5.510693500000034e-05
5.510717000000034e-05
5.5107405000000346e-05
5.514202000000035e-05
5.5156895000000346e-05
5.515713000000035e-05
5.515736500000035e-05
5.5157600000000354e-05
5.515783500000036e-05
5.515807000000036e-05
5.515830500000036e-05
5.5158540000000366e-05
5.515877500000037e-05
5.515901000000037e-05
5.5159245000000375e-05
5.515948000000038e-05
5.515971500000038e-05
5.515995000000038e-05
5.5160185000000386e-05
5.516042000000039e-05
5.5547940000000386e-05
5.569249500000039e-05
5.569273000000039e-05
5.5692965000000394e-05
5.56932000000004e-05
5.56934350000004e-05
5.56936700000004e-05
5.5693905000000406e-05
5.569414000000041e-05
5.569437500000041e-05
5.5694610000000414e-05
5.569484500000042e-05
5.569508000000042e-05
5.569531500000042e-05
5.5695550000000426e-05
5.569578500000043e-05
5.569602000000043e-05
5.5696255000000435e-05
5.569649000000044e-05
5.569672500000044e-05
5.569696000000044e-05
5.5697195000000446e-05
5.569743000000045e-05
5.569766500000045e-05
5.5697900000000455e-05
5.569813500000046e-05
5.569837000000046e-05
5.5698605000000463e-05
5.573314500000046e-05
5.574794000000046e-05
5.574817500000046e-05
5.5748410000000465e-05
5.574864500000047e-05
5.574888000000047e-05
5.574911500000047e-05
5.5749350000000476e-05
5.574958500000048e-05
5.576702500000048e-05
5.577462000000048e-05
5.579206000000048e-05
5.5799655000000485e-05
5.579989000000049e-05
5.588496000000049e-05
5.592871500000049e-05
5.592895000000049e-05
5.596349000000049e-05
5.5978285000000486e-05
5.597852000000049e-05
5.597875500000049e-05
5.5978990000000495e-05
5.601353000000049e-05
5.607173000000049e-05
5.615359000000049e-05
5.6197505000000494e-05
5.6214945000000494e-05
5.6261445000000494e-05
5.628360000000049e-05
5.631814000000049e-05
5.635924000000049e-05
5.638139500000049e-05
5.646646500000049e-05
5.657172500000049e-05
5.663004000000049e-05
5.663027500000049e-05
5.6630510000000495e-05
5.6647950000000495e-05
5.66555450000005e-05
5.66557800000005e-05
5.6656015000000504e-05
5.6656250000000506e-05
5.665648500000051e-05
5.665672000000051e-05
5.6656955000000515e-05
5.665719000000052e-05
5.665742500000052e-05
5.6657660000000524e-05
5.6657895000000527e-05
5.665813000000053e-05
5.667557000000053e-05
5.668316500000053e-05
5.6683400000000535e-05
5.668363500000054e-05
5.668387000000054e-05
5.6684105000000544e-05
5.668434000000055e-05
5.668457500000055e-05
5.668481000000055e-05
5.671935000000055e-05
5.673414500000055e-05
5.675158500000055e-05
5.675918000000055e-05
5.6759415000000554e-05
5.675965000000056e-05
5.675988500000056e-05
5.679442500000056e-05
5.6809220000000555e-05
5.680945500000056e-05
5.680969000000056e-05
5.6809925000000564e-05
5.681016000000057e-05
5.681039500000057e-05
5.681063000000057e-05
5.6810865000000575e-05
5.681110000000058e-05
5.681133500000058e-05
5.6811570000000584e-05
5.681180500000059e-05
5.6854500000000585e-05
5.6876575000000585e-05
5.687681000000059e-05
5.687704500000059e-05
5.687728000000059e-05
5.6877515000000596e-05
5.68777500000006e-05
5.68779850000006e-05
5.6878220000000605e-05
5.69209150000006e-05
5.69429900000006e-05
5.69775300000006e-05
5.69923250000006e-05
5.69925600000006e-05
5.6992795000000604e-05
5.70606900000006e-05
5.70971650000006e-05
5.70974000000006e-05
5.71319400000006e-05
5.71467350000006e-05
5.71469700000006e-05
5.7147205000000604e-05
5.714744000000061e-05
5.714767500000061e-05
5.714791000000061e-05
5.7148145000000616e-05
5.714838000000062e-05
5.716582000000062e-05
5.717341500000062e-05
5.720795500000062e-05
5.722275000000062e-05
5.722298500000062e-05
5.722322000000062e-05
5.725776000000062e-05
5.727255500000062e-05
5.727279000000062e-05
5.7273025000000624e-05
5.727326000000063e-05
5.727349500000063e-05
5.727373000000063e-05
5.7273965000000635e-05
5.727420000000064e-05
5.729164000000064e-05
5.733814000000064e-05
5.736029500000064e-05
5.736053000000064e-05
5.741217000000064e-05
5.746497000000064e-05
5.749432500000064e-05
5.7494560000000644e-05
5.749479500000065e-05
5.749503000000065e-05
5.751247000000065e-05
5.752006500000065e-05
5.7520300000000656e-05
5.752053500000066e-05
5.7555075000000656e-05
5.7569870000000654e-05
5.7587310000000655e-05
5.7633810000000655e-05
5.765596500000065e-05
5.7656200000000656e-05
5.765643500000066e-05
5.765667000000066e-05
5.7656905000000665e-05
5.765714000000067e-05
5.765737500000067e-05
5.765761000000067e-05
5.7675050000000674e-05
5.7682645000000676e-05
5.768288000000068e-05
5.768311500000068e-05
5.7683350000000685e-05
5.768358500000069e-05
5.768382000000069e-05
5.7684055000000694e-05
5.7684290000000697e-05
5.77017300000007e-05
5.77093250000007e-05
5.77095600000007e-05
5.7709795000000705e-05
5.779479000000071e-05
5.783846500000071e-05
5.783870000000071e-05
5.7838935000000713e-05
5.827685500000071e-05
5.9140455000000716e-05
5.9631250000000714e-05
5.963148500000072e-05
5.963172000000072e-05
5.963195500000072e-05
5.9632190000000726e-05
5.963242500000073e-05
5.963266000000073e-05
5.966720000000073e-05
5.972540000000073e-05
5.980726000000073e-05
5.985117500000073e-05
5.9851410000000733e-05
5.9851645000000736e-05
5.985188000000074e-05
5.985211500000074e-05
5.9852350000000745e-05
5.985258500000075e-05
5.985282000000075e-05
5.9853055000000754e-05
5.9853290000000757e-05
5.985352500000076e-05
5.985376000000076e-05
5.9853995000000765e-05
5.985423000000077e-05
6.0241750000000765e-05
6.038630500000077e-05
6.040374500000077e-05
6.041134000000077e-05
6.081243500000077e-05
6.096427000000077e-05
6.0964505000000775e-05
6.096474000000078e-05
6.096497500000078e-05
6.098241500000078e-05
6.104174500000078e-05
6.107862000000078e-05
6.107885500000077e-05
6.107909000000077e-05
6.109660500000077e-05
6.110428000000077e-05
6.110451500000076e-05
6.114728500000076e-05
6.120034500000076e-05
6.122986000000076e-05
6.123009500000075e-05
6.123033000000075e-05
6.123056500000075e-05
6.130746000000075e-05
6.134393500000075e-05
6.134417000000074e-05
6.136168500000074e-05
6.136936000000074e-05
6.180728000000075e-05
6.210604000000075e-05
6.316933500000075e-05
6.389861000000075e-05
6.389884500000075e-05
6.389908000000074e-05
6.435057500000074e-05
6.453121000000074e-05
6.453144500000074e-05
6.453168000000073e-05
6.453191500000073e-05
6.454935500000073e-05
6.497069000000074e-05
6.584079000000074e-05
6.633238500000074e-05
6.633262000000074e-05
6.640951500000074e-05
6.644599000000074e-05
6.644622500000073e-05
6.644646000000073e-05
6.690958000000072e-05
6.709733500000072e-05
6.709757000000072e-05
6.709780500000071e-05
6.709804000000071e-05
6.70982750000007e-05
6.70985100000007e-05
6.71160250000007e-05
6.71237000000007e-05
6.71239350000007e-05
6.712417000000069e-05
6.712440500000069e-05
6.712464000000068e-05
6.712487500000068e-05
6.712511000000068e-05
6.751263000000068e-05
6.765718500000068e-05
6.815013500000068e-05
6.835965000000068e-05
6.835988500000068e-05
6.836012000000068e-05
6.892229500000068e-05
6.918213000000068e-05
6.918236500000067e-05
6.918260000000067e-05
6.970795000000066e-05
6.994626500000066e-05
6.994650000000066e-05
7.033402000000066e-05
7.114362000000066e-05
7.159121500000066e-05
7.159145000000065e-05
7.159168500000065e-05
7.159192000000065e-05
7.160943500000065e-05
7.161711000000065e-05
7.161734500000064e-05
7.161758000000064e-05
7.212215500000064e-05
7.233879000000064e-05
7.233902500000063e-05
7.233926000000063e-05
7.238195500000063e-05
7.240403000000063e-05
7.240426500000063e-05
7.240450000000062e-05
7.240473500000062e-05
7.281745500000063e-05
7.297641000000063e-05
7.297664500000062e-05
7.297688000000062e-05
7.305385000000062e-05
7.309040500000062e-05
7.309064000000062e-05
7.309087500000062e-05
7.361622500000061e-05
7.385454000000061e-05
7.388915500000061e-05
7.390403000000061e-05
7.390426500000061e-05
7.39045000000006e-05
7.395621500000061e-05
7.397829000000062e-05
7.397852500000061e-05
7.402129500000061e-05
7.404345000000061e-05
7.40436850000006e-05
7.40439200000006e-05
7.40441550000006e-05
7.40443900000006e-05
7.404462500000059e-05
7.404486000000059e-05
7.404509500000058e-05
7.445781500000059e-05
7.547744500000059e-05
7.616312000000059e-05
7.616335500000058e-05
7.616359000000058e-05
7.616382500000058e-05
7.625699500000057e-05
7.630795000000057e-05
7.630818500000056e-05
7.630842000000056e-05
7.630865500000056e-05
7.630889000000055e-05
7.630912500000055e-05
7.630936000000054e-05
7.630959500000054e-05
7.678897000000054e-05
7.699120500000054e-05
7.699144000000054e-05
7.699167500000054e-05
7.699191000000053e-05
7.700942500000053e-05
7.701710000000053e-05
7.701733500000053e-05
7.701757000000053e-05
7.701780500000052e-05
7.701804000000052e-05
7.701827500000051e-05
7.701851000000051e-05
7.70187450000005e-05
7.745666500000051e-05
7.792308000000051e-05
7.830579500000051e-05
7.830603000000051e-05
7.83062650000005e-05
7.835798000000051e-05
7.838005500000052e-05
7.838029000000051e-05
7.838052500000051e-05
7.83807600000005e-05
7.83809950000005e-05
7.83812300000005e-05
7.83814650000005e-05
7.838170000000049e-05
7.838193500000049e-05
7.876945500000049e-05
7.891401000000049e-05
7.891424500000048e-05
7.891448000000048e-05
7.891471500000047e-05
7.891495000000047e-05
7.891518500000047e-05
7.891542000000046e-05
7.891565500000046e-05
7.891589000000045e-05
7.891612500000045e-05
7.891636000000045e-05
7.891659500000044e-05
7.891683000000044e-05
7.937100500000044e-05
7.955884000000044e-05
7.955907500000043e-05
7.994659500000044e-05
8.009115000000043e-05
8.009138500000043e-05
8.009162000000043e-05
8.009185500000042e-05
8.009209000000042e-05
8.009232500000041e-05
8.009256000000041e-05
8.00927950000004e-05
8.00930300000004e-05
8.00932650000004e-05
8.00935000000004e-05
8.009373500000039e-05
8.009397000000039e-05
8.009420500000038e-05
8.009444000000038e-05
8.048196000000038e-05
8.062651500000038e-05
8.062675000000037e-05
8.062698500000037e-05
8.062722000000037e-05
8.062745500000036e-05
8.062769000000036e-05
8.062792500000036e-05
8.062816000000035e-05
8.062839500000035e-05
8.062863000000034e-05
8.062886500000034e-05
8.101638500000034e-05
8.116094000000034e-05
8.116117500000034e-05
8.116141000000033e-05
8.116164500000033e-05
8.117908500000033e-05
8.161204500000033e-05
8.247652500000033e-05
8.296796000000033e-05
8.296819500000033e-05
8.296843000000032e-05
8.296866500000032e-05
8.338138500000033e-05
8.354034000000033e-05
8.354057500000032e-05
8.354081000000032e-05
8.355825000000032e-05
8.356584500000031e-05
8.365901500000031e-05
8.37099700000003e-05
8.42145450000003e-05
8.460073500000031e-05
8.483193000000031e-05
8.48321650000003e-05
8.48324000000003e-05
8.48326350000003e-05
8.48328700000003e-05
8.483310500000029e-05
8.483334000000029e-05
8.483357500000028e-05
8.495194500000028e-05
8.501730000000028e-05
8.511129500000028e-05
8.519932500000028e-05
8.525036000000028e-05
8.525059500000028e-05
8.525083000000027e-05
8.525106500000027e-05
8.525130000000027e-05
8.536959500000027e-05
8.543487000000027e-05
8.543510500000027e-05
8.543534000000027e-05
8.546988000000027e-05
8.548467500000027e-05
8.551929000000027e-05
8.553416500000027e-05
8.553440000000027e-05
8.556894000000027e-05
8.561004000000028e-05
8.563219500000027e-05
8.563243000000027e-05
8.563266500000027e-05
8.563290000000026e-05
8.563313500000026e-05
8.563337000000025e-05
8.566791000000026e-05
8.614587000000026e-05
8.634834500000026e-05
8.634858000000025e-05
8.634881500000025e-05
8.634905000000024e-05
8.641702000000024e-05
8.645357500000024e-05
8.645381000000024e-05
8.645404500000024e-05
8.645428000000023e-05
8.645451500000023e-05
8.645475000000022e-05
8.645498500000022e-05
8.647242500000022e-05
8.648002000000022e-05
8.657311500000022e-05
8.662399000000022e-05
8.662422500000022e-05
8.662446000000021e-05
8.662469500000021e-05
8.665923500000021e-05
8.667403000000021e-05
8.66742650000002e-05
8.66745000000002e-05
8.66919400000002e-05
8.67213400000002e-05
8.67627750000002e-05
8.67851700000002e-05
8.68791650000002e-05
8.69228400000002e-05
8.69230750000002e-05
8.692331000000019e-05
8.692354500000019e-05
8.692378000000018e-05
8.692401500000018e-05
8.692425000000018e-05
8.692448500000017e-05
8.692472000000017e-05
8.704309000000017e-05
8.710844500000017e-05
8.720244000000016e-05
8.724611500000016e-05
8.724635000000016e-05
8.724658500000015e-05
8.724682000000015e-05
8.724705500000015e-05
8.724729000000014e-05
8.736566000000014e-05
8.743101500000014e-05
8.743125000000014e-05
8.743148500000013e-05
8.746602500000014e-05
8.748082000000013e-05
8.748105500000013e-05
8.748129000000013e-05
8.748152500000012e-05
8.751606500000013e-05
8.759152000000013e-05
8.764271500000012e-05
8.764295000000012e-05
8.764318500000012e-05
8.764342000000011e-05
8.764365500000011e-05
8.76438900000001e-05
8.767843000000011e-05
8.77537300000001e-05
8.77902850000001e-05
8.77905200000001e-05
8.77907550000001e-05
8.77909900000001e-05
8.779122500000009e-05
8.779146000000009e-05
8.779169500000008e-05
8.779193000000008e-05
8.779216500000007e-05
8.779240000000007e-05
8.779263500000007e-05
8.779287000000006e-05
8.779310500000006e-05
8.779334000000006e-05
8.788643500000006e-05
8.793731000000006e-05
8.793754500000005e-05
8.793778000000005e-05
8.793801500000005e-05
8.797255500000005e-05
8.798735000000005e-05
8.798758500000004e-05
8.798782000000004e-05
8.800526000000004e-05
8.801285500000004e-05
8.803037000000004e-05
8.803804500000004e-05
8.813204000000003e-05
8.817571500000003e-05
8.817595000000003e-05
8.817618500000002e-05
8.817642000000002e-05
8.817665500000002e-05
8.821935000000001e-05
8.828938000000002e-05
8.848957500000002e-05
8.862765000000002e-05
8.866226500000002e-05
8.867714000000003e-05
8.867737500000002e-05
8.867761000000002e-05
8.867784500000002e-05
8.906536500000002e-05
8.920992000000002e-05
8.921015500000001e-05
8.921039000000001e-05
8.927018500000001e-05
8.929946e-05
8.93169e-05
8.9324495e-05
8.932473e-05
8.9324965e-05
8.932519999999999e-05
8.932543499999999e-05
8.941050499999999e-05
8.945425999999999e-05
8.945449499999999e-05
8.953956499999999e-05
8.958332e-05
8.958355499999999e-05
8.958378999999999e-05
8.958402499999998e-05
8.958425999999998e-05
8.958449499999998e-05
8.958472999999997e-05
8.958496499999997e-05
8.964475999999997e-05
8.967403499999996e-05
8.969147499999996e-05
8.969906999999996e-05
8.969930499999996e-05
8.969953999999995e-05
8.969977499999995e-05
8.970000999999994e-05
8.970024499999994e-05
8.970047999999994e-05
8.970071499999993e-05
8.976058499999993e-05
8.978993999999993e-05
8.979017499999993e-05
8.979040999999993e-05
8.979064499999992e-05
8.979087999999992e-05
8.979111499999991e-05
8.979134999999991e-05
8.979158499999991e-05
8.985137999999991e-05
8.98806549999999e-05
8.98980949999999e-05
8.99056899999999e-05
8.99059249999999e-05
8.990615999999989e-05
8.990639499999989e-05
8.990662999999988e-05
8.990686499999988e-05
8.990709999999988e-05
8.990733499999987e-05
8.990756999999987e-05
8.990780499999986e-05
8.990803999999986e-05
8.990827499999986e-05
8.990850999999985e-05
8.990874499999985e-05
8.990897999999985e-05
8.990921499999984e-05
8.997710999999984e-05
9.001358499999984e-05
9.001381999999983e-05
9.001405499999983e-05
9.007384999999983e-05
9.010312499999983e-05
9.012056499999983e-05
9.012815999999982e-05
9.012839499999982e-05
9.012862999999982e-05
9.012886499999981e-05
9.012909999999981e-05
9.01293349999998e-05
9.01295699999998e-05
9.01298049999998e-05
9.01644199999998e-05
9.01792949999998e-05
9.01795299999998e-05
9.01797649999998e-05
9.017999999999979e-05
9.05927199999998e-05
9.07516749999998e-05
9.075190999999979e-05
9.075214499999979e-05
9.081193999999979e-05
9.084121499999978e-05
9.085865499999978e-05
9.086624999999978e-05
9.086648499999978e-05
9.086671999999977e-05
9.086695499999977e-05
9.086718999999977e-05
9.086742499999976e-05
9.086765999999976e-05
9.086789499999975e-05
9.086812999999975e-05
9.086836499999975e-05
9.086859999999974e-05
9.086883499999974e-05
9.086906999999973e-05
9.086930499999973e-05
9.086953999999973e-05
9.086977499999972e-05
9.087000999999972e-05
9.092980499999972e-05
9.095907999999972e-05
9.097651999999972e-05
9.106097499999972e-05
9.111216999999972e-05
9.111240499999971e-05
9.111263999999971e-05
9.11128749999997e-05
9.11131099999997e-05
9.11133449999997e-05
9.11135799999997e-05
9.11481949999997e-05
9.11630699999997e-05
9.11633049999997e-05
9.11635399999997e-05
9.116377499999969e-05
9.116400999999969e-05
9.116424499999968e-05
9.116447999999968e-05
9.116471499999967e-05
9.122450999999968e-05
9.135774499999968e-05
9.152845499999968e-05
9.163036999999968e-05
9.163060499999967e-05
9.163083999999967e-05
9.163107499999966e-05
9.163130999999966e-05
9.163154499999966e-05
9.163177999999965e-05
9.163201499999965e-05
9.166662999999965e-05
9.168150499999965e-05
9.168173999999965e-05
9.168197499999965e-05
9.168220999999964e-05
9.168244499999964e-05
9.168267999999963e-05
9.168291499999963e-05
9.168314999999963e-05
9.174294499999963e-05
9.177221999999962e-05
9.178965999999962e-05
9.179725499999962e-05
9.179748999999962e-05
9.179772499999961e-05
9.179795999999961e-05
9.17981949999996e-05
9.17984299999996e-05
9.17986649999996e-05
9.179889999999959e-05
9.179913499999959e-05
9.179936999999959e-05
9.179960499999958e-05
9.179983999999958e-05
9.180007499999957e-05
9.180030999999957e-05
9.180054499999957e-05
9.180077999999956e-05
9.180101499999956e-05
9.186080999999956e-05
9.189008499999955e-05
9.190752499999956e-05
9.191511999999955e-05
9.191535499999955e-05
9.191558999999954e-05
9.191582499999954e-05
9.191605999999954e-05
9.191629499999953e-05
9.191652999999953e-05
9.191676499999952e-05
9.191699999999952e-05
9.191723499999952e-05
9.191746999999951e-05
9.191770499999951e-05
9.19179399999995e-05
9.19181749999995e-05
9.19184099999995e-05
9.191864499999949e-05
9.191887999999949e-05
9.197867499999949e-05
9.200794999999949e-05
9.202538999999949e-05
9.203298499999948e-05
9.203321999999948e-05
9.203345499999947e-05
9.203368999999947e-05
9.203392499999947e-05
9.203415999999946e-05
9.206869999999947e-05
9.208349499999946e-05
9.208372999999946e-05
9.215162499999946e-05
9.218809999999946e-05
9.218833499999945e-05
9.218856999999945e-05
9.218880499999945e-05
9.218903999999944e-05
9.220655499999944e-05
9.261453499999944e-05
9.343985499999944e-05
9.390280999999944e-05
9.390304499999944e-05
9.390327999999944e-05
9.390351499999943e-05
9.390374999999943e-05
9.390398499999942e-05
9.393852499999943e-05
9.397962499999943e-05
9.400177999999943e-05
9.449735499999942e-05
9.471398999999942e-05
9.471422499999941e-05
9.471445999999941e-05
9.473189999999941e-05
9.47394949999994e-05
9.47397299999994e-05
9.47399649999994e-05
9.47401999999994e-05
9.474043499999939e-05
9.474066999999939e-05
9.474090499999938e-05
9.474113999999938e-05
9.474137499999938e-05
9.474160999999937e-05
9.474184499999937e-05
9.474207999999936e-05
9.474231499999936e-05
9.514340999999936e-05
9.540719999999935e-05
9.556639499999936e-05
9.558383499999936e-05
9.559142999999935e-05
9.603397999999936e-05
9.621469499999936e-05
9.621492999999936e-05
9.625769999999935e-05
9.673069999999935e-05
9.693349499999935e-05
9.699328999999935e-05
9.702256499999935e-05
9.702279999999934e-05
9.702303499999934e-05
9.702326999999934e-05
9.702350499999933e-05
9.702373999999933e-05
9.702397499999933e-05
9.702420999999932e-05
9.702444499999932e-05
9.702467999999931e-05
9.752025499999931e-05
9.77368899999993e-05
9.77371249999993e-05
9.77373599999993e-05
9.773759499999929e-05
9.773782999999929e-05
9.777236999999929e-05
9.778716499999929e-05
9.778739999999929e-05
9.820011999999929e-05
9.849257999999929e-05
9.866609499999929e-05
9.866632999999928e-05
9.868376999999929e-05
9.869136499999928e-05
9.872590499999928e-05
9.920386499999929e-05
9.940633999999928e-05
9.940657499999928e-05
9.992734999999927e-05
0.00010015838499999927
0.00010015861999999927
0.00010015885499999927
0.00010054637499999927
0.00010069092999999927
0.00010069116499999926
0.00010070860499999926
0.00010071619999999926
0.00010071643499999925
0.00010071666999999925
0.00010071690499999925
0.00010071713999999924
0.00010073457999999924
0.00010074217499999924
0.00010112969499999924
0.00010127424999999924
0.00010127448499999923
0.00010127471999999923
0.00010127495499999923
0.00010127518999999922
0.00010127542499999922
0.00010127565999999921
0.00010127589499999921
0.00010127612999999921
0.0001012763649999992
0.0001012765999999992
0.0001013363949999992
0.0001013656699999992
0.00010136590499999919
0.00010136613999999919
0.00010136637499999918
0.00010140091499999919
0.00010141570999999919
0.00010141594499999918
0.00010186743999999918
0.00010204807499999918
0.00010204830999999918
0.00010204854499999917
0.00010214253999999917
0.00010223056999999917
0.00010228160499999917
0.00010228183999999917
0.00010268293499999917
0.00010283476999999917
0.00010283500499999917
0.00010283523999999916
0.00010283547499999916
0.00010283570999999916
0.00010285314999999916
0.00010286074499999915
0.00010286097999999915
0.00010286121499999914
0.00010286144999999914
0.00010286168499999914
0.00010286191999999913
0.00010286215499999913
0.00010286238999999912
0.00010326348499999912
0.00010341531999999913
0.00010341555499999912
0.00010341578999999912
0.00010341602499999911
0.00010341625999999911
0.00010341649499999911
0.0001034167299999991
0.0001034341699999991
0.0001034417649999991
0.0001034419999999991
0.00010344223499999909
0.00010345967499999909
0.00010353602999999909
0.00010358002499999908
0.00010358025999999908
0.00010358049499999907
0.00010414266999999908
0.00010440250499999907
0.00010440273999999907
0.00010440297499999907
0.00010442041499999907
0.00010442800999999906
0.00010446254999999907
0.00010447734499999906
0.00010447757999999906
0.00010447781499999906
0.00010447804999999905
0.00010447828499999905
0.00010447851999999905
0.00010447875499999904
0.00010447898999999904
0.00010447922499999903
0.00010447945999999903
0.00010449697499999903
0.00010450464999999903
0.00010450488499999903
0.00010450511999999902
0.00010456491499999902
0.00010459418999999902
0.00010459442499999902
0.00010459465999999901
0.00010459489499999901
0.000104595129999999
0.000104595364999999
0.000104595599999999
0.000104613114999999
0.000104620789999999
0.00010462102499999899
0.00010462125999999899
0.00010468105499999899
0.00010471032999999898
0.00010471056499999898
0.00010471079999999898
0.00010471103499999897
0.00010471126999999897
0.00010471150499999897
0.00010471173999999896
0.00010471197499999896
0.00010471220999999895
0.00010471244499999895
0.00010471267999999895
0.00010471291499999894
0.00010471314999999894
0.00010471338499999893
0.00010473089999999893
0.00010473857499999893
0.00010473880999999893
0.00010479860499999893
0.00010482787999999893
0.00010484539499999893
0.00010485306999999893
0.00010485330499999892
0.00010485353999999892
0.00010485377499999892
0.00010485400999999891
0.00010485424499999891
0.0001048544799999989
0.0001048547149999989
0.0001048549499999989
0.00010485518499999889
0.00010485541999999889
0.00010485565499999889
0.00010485588999999888
0.00010485612499999888
0.00010494921999999888
0.00010500009499999888
0.00010500032999999888
0.00010500056499999887
0.00010546368499999887
0.00010565143999999886
0.00010565167499999886
0.00010569444499999885
0.00010579880499999885
0.00010584991999999885
0.00010586743499999885
0.00010589696499999886
0.00010591199999999886
0.00010591223499999886
0.00010591246999999885
0.00010591270499999885
0.00010593014499999885
0.00010636310499999885
0.00010653677999999885
0.00010653701499999884
0.00010653724999999884
0.00010653748499999883
0.00010653771999999883
0.00010653795499999883
0.00010653818999999882
0.00010653842499999882
0.00010653865999999882
0.00010653889499999881
0.00010653912999999881
0.0001065393649999988
0.0001065395999999988
0.0001065398349999988
0.00010654006999999879
0.00010654030499999879
0.00010654053999999878
0.00010654077499999878
0.00010654100999999878
0.00010654124499999877
0.00010654147999999877
0.00010654171499999876
0.00010654194999999876
0.00010654218499999876
0.00010654241999999875
0.00010654265499999875
0.00010654288999999875
0.00010654312499999874
0.00010654335999999874
0.00010654359499999873
0.00010654382999999873
0.00010654406499999873
0.00010654429999999872
0.00010654453499999872
0.00010654476999999871
0.00010654500499999871
0.0001065452399999987
0.0001065454749999987
0.0001065457099999987
0.0001065459449999987
0.00010654617999999869
0.00010654641499999869
0.00010654664999999868
0.00010654688499999868
0.00010654711999999868
0.00010654735499999867
0.00010654758999999867
0.00010654782499999866
0.00010654805999999866
0.00010654829499999866
0.00010656573499999866
0.00010657332999999865
0.00010657356499999865
0.00010659107999999865
0.00010659875499999865
0.00010659898999999864
0.00010664168499999864
0.00010666375999999865
0.00010666399499999865
0.00010666422999999864
0.00010666446499999864
0.00010666469999999863
0.00010666493499999863
0.00010666516999999863
0.00010666540499999862
0.00010666563999999862
0.00010666587499999861
0.00010666610999999861
0.0001066663449999986
0.0001066837849999986
0.0001066913799999986
0.0001066916149999986
0.0001066918499999986
0.00010669208499999859
0.00010669231999999859
0.00010669255499999858
0.00010669278999999858
0.00010669302499999858
0.00010715614499999857
0.00010823157499999857
0.00010897484999999857
0.00010897508499999857
0.00010902672499999856
0.00010909669999999856
0.00010925549499999856
0.00010936476999999855
0.00010936500499999855
0.00010936523999999855
0.00010936547499999854
0.00010936570999999854
0.00010936594499999854
0.00010936617999999853
0.00010936641499999853
0.00010936664999999852
0.00010940934499999852
0.00010943141999999853
0.00010943165499999852
0.00010944909499999852
0.00010945668999999852
0.00010945692499999852
0.00010945715999999851
0.00010945739499999851
0.0001094576299999985
0.0001094578649999985
0.0001094580999999985
0.0001094583349999985
0.00010945856999999849
0.00010945880499999849
0.00010945903999999848
0.00010988801499999848
0.00011006144999999848
0.00011006168499999847
0.00011006191999999847
0.00011006215499999846
0.00011006238999999846
0.00011006262499999846
0.00011006285999999845
0.00011006309499999845
0.00011006332999999844
0.00011006356499999844
0.00011006379999999844
0.00011006403499999843
0.00011006426999999843
0.00011006450499999842
0.00011006473999999842
0.00011006497499999842
0.00011006520999999841
0.00011006544499999841
0.0001100656799999984
0.0001100659149999984
0.0001100661499999984
0.0001100663849999984
0.00011006661999999839
0.00011006685499999839
0.00011006708999999838
0.00011006732499999838
0.00011006755999999837
0.00011006779499999837
0.00011008530999999837
0.00011009298499999837
0.00011009321999999837
0.00011009345499999836
0.00011009368999999836
0.00011009392499999835
0.00011009415999999835
0.00011009439499999835
0.00011009462999999834
0.00011009486499999834
0.00011009509999999834
0.00011009533499999833
0.00011009556999999833
0.00011009580499999832
0.00011009603999999832
0.00011009627499999832
0.00011009650999999831
0.00011009674499999831
0.0001100969799999983
0.0001100972149999983
0.0001100974499999983
0.00011009768499999829
0.00011009791999999829
0.00011009815499999828
0.00011009838999999828
0.00011009862499999828
0.00011009885999999827
0.00011009909499999827
0.00011009932999999827
0.00011009956499999826
0.00011009979999999826
0.00011010003499999825
0.00011010026999999825
0.00011010050499999825
0.00011010073999999824
0.00011010097499999824
0.00011010120999999823
0.00011010144499999823
0.00011010167999999823
0.00011010191499999822
0.00011010214999999822
0.00011011958999999822
0.00011012718499999822
0.00011012741999999821
0.00011012765499999821
0.0001101278899999982
0.0001101281249999982
0.0001101283599999982
0.00011012859499999819
0.00011012882999999819
0.00011012906499999818
0.00011012929999999818
0.00011012953499999818
0.00011012976999999817
0.00011013000499999817
0.00011013023999999816
0.00011013047499999816
0.00011013070999999816
0.00011013094499999815
0.00011013117999999815
0.00011013141499999815
0.00011013164999999814
0.00011019954499999814
0.00011023601999999814
0.00011023625499999813
0.00011023648999999813
0.00011023672499999813
0.00011023695999999812
0.00011023719499999812
0.00011023742999999811
0.00011023766499999811
0.0001102378999999981
0.0001102381349999981
0.0001102383699999981
0.0001102386049999981
0.00011023883999999809
0.00011023907499999809
0.00011023930999999808
0.00011023954499999808
0.00011023977999999808
0.00011024001499999807
0.00011024024999999807
0.00011024048499999806
0.00011024071999999806
0.00011024095499999806
0.00011024118999999805
0.00011024142499999805
0.00011024165999999804
0.00011024189499999804
0.00011024212999999804
0.00011024236499999803
0.00011024259999999803
0.00011024283499999802
0.00011024306999999802
0.00011024330499999802
0.00011024353999999801
0.00011024377499999801
0.000110244009999998
0.000110244244999998
0.000110244479999998
0.000110244714999998
0.00011024494999999799
0.00011024518499999799
0.00011028795499999798
0.00011031010999999798
0.00011031034499999798
0.00011036198499999797
0.00011043195999999797
0.00011046859499999796
0.00011046882999999796
0.00011046906499999795
0.00011046929999999795
0.00011046953499999795
0.00011046976999999794
0.00011047000499999794
0.00011047023999999793
0.00011047047499999793
0.00011047070999999793
0.00011051340499999792
0.00011053547999999793
0.00011053571499999793
0.00011055315499999793
0.00011056074999999792
0.00011056098499999792
0.00011056121999999792
0.00011056145499999791
0.00011056168999999791
0.0001105619249999979
0.0001105621599999979
0.0001105623949999979
0.00011056262999999789
0.00011056286499999789
0.00011056309999999788
0.00011097581999999789
0.00011113477499999789
0.00011113500999999789
0.00011113524499999788
0.00011113547999999788
0.00011113571499999787
0.00011113594999999787
0.00011113618499999787
0.00011113641999999786
0.00011113665499999786
0.00011113688999999785
0.00011113712499999785
0.00011115456499999785
0.00011123909499999786
0.00011133947499999786
0.00011139810999999786
0.00011139834499999786
0.00011139857999999785
0.00011139881499999785
0.00011139904999999784
0.00011139928499999784
0.00011139951999999784
0.00011139975499999783
0.00011139998999999783
0.00011140022499999782
0.00011141773999999782
0.00011144726999999783
0.00011146230499999783
0.00011146253999999783
0.00011146277499999782
0.00011146300999999782
0.00011146324499999781
0.00011146347999999781
0.00011146371499999781
0.0001114639499999978
0.0001114641849999978
0.0001114644199999978
0.00011146465499999779
0.00011148209499999779
0.00011148968999999779
0.00011148992499999778
0.00011153261999999778
0.00011158554999999779
0.00011161498499999779
0.00011163242499999779
0.00011164001999999779
0.00011165745999999779
0.00011166505499999778
0.00011166528999999778
0.00011168272999999778
0.00011171212999999778
0.00011172708499999777
0.00011172731999999777
0.00011172755499999776
0.00011172778999999776
0.00011172802499999776
0.00011172825999999775
0.00011172849499999775
0.00011172872999999775
0.00011172896499999774
0.00011174640499999774
0.00011175399999999774
0.00011177143999999774
0.00011177903499999773
0.00011177926999999773
0.00011177950499999773
0.00011177973999999772
0.00011177997499999772
0.00011178020999999771
0.00011178044499999771
0.00011178067999999771
0.0001117809149999977
0.0001117811499999977
0.0001117813849999977
0.00011178161999999769
0.00011178185499999769
0.00011179929499999769
0.00011182869499999768
0.00011187005499999769
0.00011189236999999769
0.00011189260499999768
0.00011189283999999768
0.00011189307499999768
0.00011189330999999767
0.00011189354499999767
0.00011189377999999766
0.00011189401499999766
0.00011189424999999766
0.00011189448499999765
0.00011191192499999765
0.00011194132499999765
0.00011195627999999764
0.00011195651499999764
0.00011197395499999764
0.00011200335499999764
0.00011201830999999763
0.00011201854499999763
0.00011201877999999763
0.00011201901499999762
0.00011246156499999763
0.00011278938499999763
0.00011312376499999763
0.00011332639999999763
0.00011332663499999763
0.00011332686999999763
0.00011332710499999762
0.00011332733999999762
0.00011332757499999762
0.00011332780999999761
0.00011337050499999761
0.00011339257999999762
0.00011380529999999762
0.00011396425499999762
0.00011396448999999762
0.00011396472499999761
0.00011396495999999761
0.0001139651949999976
0.0001139654299999976
0.0001139829449999976
0.0001139906199999976
0.0001139908549999976
0.0001139910899999976
0.00011399132499999759
0.00011399155999999759
0.00011399179499999758
0.00011399202999999758
0.00011399226499999757
0.00011399249999999757
0.00011403519499999757
0.00011405726999999758
0.00011405750499999757
0.00011405773999999757
0.00011405797499999756
0.00011405820999999756
0.00011405844499999756
0.00011405867999999755
0.00011405891499999755
0.00011407642999999755
0.00011408410499999755
0.00011449682499999755
0.00011465577999999755
0.00011465601499999755
0.00011465624999999755
0.00011465648499999754
0.00011465671999999754
0.00011465695499999753
0.00011465718999999753
0.00011469988499999753
0.00011472195999999753
0.00011472219499999753
0.00011472242999999753
0.00011472266499999752
0.00011472289999999752
0.00011472313499999751
0.00011472336999999751
0.00011472360499999751
0.0001147411199999975
0.00011474879499999751
0.0001147490299999975
0.0001147492649999975
0.0001147494999999975
0.00011474973499999749
0.00011474996999999749
0.00011475020499999748
0.00011475043999999748
0.00011475067499999748
0.00011479336999999747
0.00011481544499999748
0.00011481567999999748
0.00011481591499999747
0.00011481614999999747
0.00011481638499999747
0.00011481661999999746
0.00011481685499999746
0.00011481708999999745
0.00011485170499999746
0.00011486657999999746
0.00011486681499999746
0.00011486704999999745
0.00011486728499999745
0.00011486751999999744
0.00011486775499999744
0.00011486798999999744
0.00011486822499999743
0.00011486845999999743
0.00011486869499999742
0.00011486892999999742
0.00011495392499999742
0.00011499759999999742
0.00011499783499999742
0.00011499806999999742
0.00011499830499999741
0.00011499853999999741
0.0001149987749999974
0.0001150333899999974
0.00011504826499999741
0.0001150484999999974
0.0001150487349999974
0.0001150489699999974
0.0001150492049999974
0.00011504943999999739
0.00011504967499999739
0.00011504990999999738
0.00011505014499999738
0.00011505037999999737
0.00011505061499999737
0.00011513560999999737
0.00011517928499999737
0.00011517951999999737
0.00011517975499999737
0.00011517998999999736
0.00011518022499999736
0.00011518045999999735
0.00011521507499999736
0.00011522994999999736
0.00011523018499999736
0.00011523041999999735
0.00011523065499999735
0.00011523088999999734
0.00011523112499999734
0.00011523135999999734
0.00011523159499999733
0.00011523182999999733
0.00011523206499999733
0.00011523229999999732
0.00011531729499999732
0.00011536096999999732
0.00011536120499999732
0.00011536143999999732
0.00011536167499999731
0.00011536190999999731
0.0001153621449999973
0.0001153967599999973
0.00011541163499999731
0.0001154118699999973
0.0001154121049999973
0.0001154123399999973
0.0001154125749999973
0.00011541280999999729
0.00011541304499999729
0.00011541327999999728
0.00011541351499999728
0.00011541374999999728
0.00011541398499999727
0.00011549897999999727
0.00011554265499999727
0.00011554288999999727
0.00011554312499999727
0.00011554335999999726
0.00011554359499999726
0.00011554382999999725
0.00011557844499999726
0.00011559331999999726
0.00011559355499999726
0.00011559378999999725
0.00011559402499999725
0.00011559425999999724
0.00011559449499999724
0.00011559472999999724
0.00011559496499999723
0.00011559519999999723
0.00011559543499999723
0.00011559566999999722
0.00011568066499999722
0.00011572433999999722
0.00011572457499999722
0.00011572480999999722
0.00011574224999999722
0.00011574984499999721
0.00011575007999999721
0.00011578469499999721
0.00011579956999999721
0.00011579980499999721
0.00011580003999999721
0.0001158002749999972
0.0001158005099999972
0.0001158007449999972
0.00011580097999999719
0.00011580121499999719
0.00011580144999999718
0.00011580168499999718
0.00011580191999999718
0.00011588691499999718
0.00011593058999999718
0.00011593082499999717
0.00011593105999999717
0.00011593129499999717
0.00011593152999999716
0.00011593176499999716
0.00011596637999999716
0.00011598125499999716
0.00011598148999999716
0.00011598172499999716
0.00011598195999999715
0.00011598219499999715
0.00011598242999999715
0.00011598266499999714
0.00011598289999999714
0.00011598313499999713
0.00011598336999999713
0.00011598360499999713
0.00011606859999999713
0.00011611227499999713
0.00011611250999999712
0.00011611274499999712
0.00011611297999999712
0.00011611321499999711
0.00011611344999999711
0.00011614806499999711
0.00011616293999999711
0.00011616317499999711
0.00011616340999999711
0.0001161636449999971
0.0001161638799999971
0.0001161641149999971
0.00011616434999999709
0.00011616458499999709
0.00011616481999999708
0.00011616505499999708
0.00011616528999999708
0.00011625028499999708
0.00011629395999999708
0.00011629419499999707
0.00011629442999999707
0.00011629466499999707
0.00011629489999999706
0.00011629513499999706
0.00011632974999999706
0.00011634462499999706
0.00011634485999999706
0.00011634509499999706
0.00011634532999999705
0.00011634556499999705
0.00011634579999999705
0.00011634603499999704
0.00011634626999999704
0.00011634650499999703
0.00011634673999999703
0.00011634697499999703
0.00011638151499999703
0.00011639630999999703
0.00011639654499999702
0.00011639677999999702
0.00011639701499999702
0.00011639724999999701
0.00011639748499999701
0.000116397719999997
0.000116397954999997
0.000116398189999997
0.00011639842499999699
0.00011639865999999699
0.00011639889499999699
0.00011639912999999698
0.00011639936499999698
0.00011639959999999697
0.00011639983499999697
0.00011640006999999697
0.00011640030499999696
0.00011648529999999697
0.00011652897499999696
0.00011652920999999696
0.00011652944499999696
0.00011652967999999695
0.00011652991499999695
0.00011653014999999694
0.00011656476499999695
0.00011657963999999695
0.00011657987499999695
0.00011658010999999694
0.00011663997999999694
0.00011666933499999694
0.00011666956999999694
0.00011666980499999694
0.00011667003999999693
0.00011667027499999693
0.00011667050999999692
0.00011667074499999692
0.00011675573999999692
0.00011679941499999692
0.00011679964999999692
0.00011679988499999692
0.00011680011999999691
0.00011680035499999691
0.0001168005899999969
0.0001168352049999969
0.00011685007999999691
0.00011691797499999691
0.0001169544499999969
0.0001169546849999969
0.0001169549199999969
0.0001169551549999969
0.00011695538999999689
0.00011695562499999689
0.00011695585999999688
0.00011695609499999688
0.00011695632999999688
0.00011704132499999688
0.00011708499999999688
0.00011708523499999687
0.00011708546999999687
0.00011708570499999687
0.00011708593999999686
0.00011708617499999686
0.00011712078999999686
0.00011713566499999686
0.00011713589999999686
0.00011713613499999686
0.00011713636999999685
0.00011713660499999685
0.00011713683999999684
0.00011713707499999684
0.00011713730999999684
0.00011713754499999683
0.00011713777999999683
0.00011713801499999683
0.00011722300999999683
0.00011726668499999683
0.00011726691999999682
0.00011726715499999682
0.00011726738999999682
0.00011726762499999681
0.00011726785999999681
0.00011730247499999681
0.00011731734999999681
0.00011731758499999681
0.0001173178199999968
0.0001173180549999968
0.0001173182899999968
0.0001173185249999968
0.00011731875999999679
0.00011731899499999679
0.00011731922999999678
0.00011731946499999678
0.00011731969999999678
0.00011740469499999678
0.00011744836999999678
0.00011744860499999677
0.00011744883999999677
0.00011744907499999677
0.00011744930999999676
0.00011744954499999676
0.00011748415999999676
0.00011749903499999676
0.00011749926999999676
0.00011749950499999676
0.00011749973999999675
0.00011749997499999675
0.00011750020999999675
0.00011750044499999674
0.00011750067999999674
0.00011750091499999673
0.00011750114999999673
0.00011750138499999673
0.00011758637999999673
0.00011763005499999673
0.00011763028999999672
0.00011763052499999672
0.00011763075999999672
0.00011763099499999671
0.00011763122999999671
0.00011766584499999671
0.00011768071999999671
0.00011768095499999671
0.00011768118999999671
0.0001176814249999967
0.0001176816599999967
0.0001176818949999967
0.00011768212999999669
0.00011768236499999669
0.00011768259999999668
0.00011807011999999669
0.00011832207999999668
0.00011847399499999668
0.00011847422999999667
0.00011854296999999667
0.00011857216499999667
0.00011857239999999667
0.00011857263499999667
0.00011857286999999666
0.00011859030999999666
0.00011863680999999666
0.00011868986999999666
0.00011871938499999666
0.00011873689999999666
0.00011874457499999666
0.00011874480999999666
0.00011874504499999665
0.00011876248499999665
0.00011877007999999665
0.00011877031499999664
0.00011877054999999664
0.00011926612499999663
0.00011948275999999663
0.00011948299499999663
0.00011948322999999662
0.00011952592499999662
0.00011954799999999663
0.00011954823499999662
0.00011954846999999662
0.00011954870499999662
0.00011954893999999661
0.00011954917499999661
0.0001195494099999966
0.0001195496449999966
0.0001195498799999966
0.00011955011499999659
0.00011955034999999659
0.00011956778999999659
0.00011957538499999658
0.00011957561999999658
0.00011966068999999658
0.00011970444499999659
0.00011970467999999658
0.00011970491499999658
0.00011970514999999657
0.00011970538499999657
0.00011970561999999657
0.00011970585499999656
0.00011970608999999656
0.00011970632499999656
0.00011970655999999655
0.00011970679499999655
0.00011970702999999654
0.00011970726499999654
0.00011970749999999654
0.00011970773499999653
0.00011970796999999653
0.00011970820499999652
0.00011970843999999652
0.00011970867499999652
0.00011970890999999651
0.00011970914499999651
0.0001197093799999965
0.0001197096149999965
0.0001197098499999965
0.00011971008499999649
0.00011971031999999649
0.00011971055499999649
0.00011971078999999648
0.00011971102499999648
0.00011971125999999647
0.00011971149499999647
0.00011971172999999647
0.00011971196499999646
0.00011971219999999646
0.00012012491999999646
0.00012040027999999647
0.00012068759999999647
0.00012086127499999647
0.00012086150999999646
0.00012086174499999646
0.00012086197999999646
0.00012086221499999645
0.00012086244999999645
0.00012086268499999645
0.00012086291999999644
0.00012086315499999644
0.00012086338999999643
0.00012088082999999643
0.00012088842499999643
0.00012088865999999643
0.00012088889499999642
0.00012088912999999642
0.00012088936499999641
0.00012088959999999641
0.0001213851749999964
0.0001216018099999964
0.0001216020449999964
0.0001216194849999964
0.0001216270799999964
0.00012162731499999639
0.00012162754999999639
0.00012162778499999638
0.00012162801999999638
0.00012162825499999637
0.00012162848999999637
0.00012162872499999637
0.00012162895999999636
0.00012162919499999636
0.00012162942999999635
0.00012162966499999635
0.00012162989999999635
0.00012169779499999635
0.00012173426999999634
0.00012173450499999634
0.00012173473999999634
0.00012173497499999633
0.00012173520999999633
0.00012173544499999632
0.00012173567999999632
0.00012173591499999632
0.00012173614999999631
0.00012177068999999632
0.00012181178999999632
0.00012183394499999632
0.00012183417999999631
0.00012185161999999631
0.00012185921499999631
0.0001218594499999963
0.0001218596849999963
0.0001218771249999963
0.0001218847199999963
0.00012188495499999629
0.00012188518999999629
0.00012188542499999629
0.00012188565999999628
0.00012188589499999628
0.00012188612999999627
0.00012188636499999627
0.00012188659999999627
0.00012188683499999626
0.00012188706999999626
0.00012192160999999626
0.00012193640499999626
0.00012193663999999626
0.00012193687499999625
0.00012193710999999625
0.00012193734499999624
0.00012193757999999624
0.00012199737499999624
0.00012207910499999625
0.00012212293999999625
0.00012212317499999626
0.00012212340999999627
0.00012212364499999628
0.00012251116499999628
0.0001227802249999963
0.0001229393399999963
0.00012293957499999632
0.00012293980999999633
0.00012294004499999634
0.00012295748499999634
0.00012296507999999635
0.00012296531499999636
0.00012335283499999636
0.00012349738999999635
0.00012349762499999636
0.00012349785999999637
0.00012349809499999638
0.0001234983299999964
0.0001234985649999964
0.0001238860849999964
0.0001240306399999964
0.0001240308749999964
0.00012403110999999642
0.00012403134499999643
0.00012403157999999644
0.00012403181499999645
0.00012403204999999646
0.00012403228499999647
0.00012403251999999648
0.0001240327549999965
0.0001241014949999965
0.0001241306899999965
0.0001241309249999965
0.00012413115999999652
0.00012456907999999653
0.00012474243499999653
0.00012474266999999654
0.00012474290499999655
0.00012474313999999656
0.00012474337499999657
0.00012474360999999658
0.0001247438449999966
0.0001247440799999966
0.0001247443149999966
0.00012474454999999662
0.00012474478499999663
0.00012474501999999664
0.00012515773999999664
0.00012531669499999664
0.00012531692999999665
0.00012531716499999666
0.00012531739999999667
0.00012531763499999668
0.0001253178699999967
0.0001253181049999967
0.0001253183399999967
0.00012531857499999672
0.00012531880999999673
0.00012578918499999672
0.00012599141999999672
0.00012599165499999673
0.00012599188999999674
0.00012599212499999675
0.00012599235999999675
0.00012599259499999676
0.00012599282999999677
0.00012599306499999678
0.0001259932999999968
0.0001264726749999968
0.00012667490999999678
0.0001266751449999968
0.0001266753799999968
0.0001266756149999968
0.00012667584999999682
0.00012667608499999683
0.00012676107999999684
0.00012680475499999685
0.00012680498999999686
0.00012680522499999687
0.00012683976499999687
0.00012688086499999687
0.00012690301999999687
0.00012690325499999688
0.0001269034899999969
0.0001269037249999969
0.0001269039599999969
0.00012690419499999692
0.00012690442999999693
0.00012690466499999694
0.00012690489999999695
0.00012694759499999695
0.00012696966999999694
0.00012696990499999695
0.00012697013999999696
0.00012697037499999697
0.00012697060999999698
0.000126970844999997
0.000127005384999997
0.000127020179999997
0.000127020414999997
0.000127063109999997
0.000127085184999997
0.000127085419999997
0.000127085654999997
0.00012708588999999702
0.00012710332999999702
0.00012711092499999703
0.00012711115999999704
0.00012711139499999705
0.00012711162999999706
0.00012711186499999707
0.00012717165999999707
0.00012720093499999708
0.0001272011699999971
0.0001272014049999971
0.0001272016399999971
0.0001272947349999971
0.0001273456099999971
0.00012734584499999712
0.00012734607999999713
0.00012734631499999714
0.00012734654999999715
0.00012734678499999716
0.00012736422499999716
0.00012739362499999716
0.00012740857999999716
0.00012740881499999717
0.00012740904999999718
0.0001274940449999972
0.0001275377199999972
0.0001275379549999972
0.00012753818999999722
0.00012753842499999723
0.00012753865999999724
0.00012753889499999725
0.00012753912999999726
0.00012753936499999727
0.00012755687999999727
0.00012756455499999725
0.00012756478999999726
0.00012756502499999727
0.00012756525999999728
0.0001275654949999973
0.0001275829349999973
0.0001275905299999973
0.0001275907649999973
0.00012759099999999732
0.00012759123499999733
0.00012759146999999734
0.00012759170499999735
0.00012770189999999736
0.00012775997499999735
0.00012776020999999735
0.00012776044499999736
0.00012776067999999737
0.00012776091499999738
0.0001277611499999974
0.0001277785899999974
0.00012783784499999739
0.00012787463999999738
0.0001278748749999974
0.0001278751099999974
0.0001278753449999974
0.00012787557999999742
0.00012789301999999742
0.00012790061499999743
0.00012790084999999744
0.00012790108499999745
0.00012790131999999745
0.00012790155499999746
0.00012793609499999747
0.00012795088999999747
0.00012795112499999748
0.00012795135999999749
0.0001279515949999975
0.0001279518299999975
0.00012795206499999752
0.00012798660499999752
0.00012800139999999752
0.00012800163499999753
0.00012800186999999754
0.00012801930999999754
0.00012802690499999755
0.00012802713999999756
0.00012802737499999757
0.00012804481499999757
0.00012805240999999758
0.00012805264499999759
0.0001280528799999976
0.0001280531149999976
0.00012805334999999761
0.00012805358499999762
0.00012805381999999763
0.00012805405499999764
0.00012805428999999765
0.00012807172999999765
0.00012807932499999766
0.00012807955999999767
0.00012807979499999768
0.0001280800299999977
0.0001280802649999977
0.0001280804999999977
0.00012808073499999772
0.00012808096999999773
0.00012809840999999773
0.00012810600499999774
0.00012810623999999775
0.00012810647499999776
0.00012810670999999777
0.00012810694499999778
0.00012812438499999778
0.0001281319799999978
0.0001281322149999978
0.0001281324499999978
0.00012813268499999782
0.00012813291999999783
0.00012813315499999784
0.00012813338999999785
0.00012813362499999786
0.00012815106499999786
0.00012815865999999787
0.00012815889499999788
0.00012815912999999789
0.0001281593649999979
0.0001281595999999979
0.00012815983499999791
0.00012822772999999791
0.0001282642049999979
0.00012826443999999792
0.00012826467499999793
0.00012826490999999794
0.00012826514499999795
0.00012826537999999796
0.00012826561499999797
0.00012826584999999798
0.000128266084999998
0.000128266319999998
0.000128335059999998
0.000128364254999998
0.00012836448999999802
0.00012836472499999803
0.00012841636499999804
0.00012843835999999803
0.00012843859499999804
0.00012853258999999804
0.00012857626499999806
0.00012857649999999807
0.00012857673499999808
0.00012857696999999809
0.0001285772049999981
0.0001285774399999981
0.00012857767499999812
0.00012857790999999812
0.00012857814499999813
0.00012861268499999814
0.00012862747999999814
0.00012862771499999815
0.00012862794999999816
0.00012862818499999817
0.00012862841999999818
0.00012862865499999818
0.0001286631949999982
0.0001286779899999982
0.0001286782249999982
0.0001286784599999982
0.0001286958999999982
0.00012870349499999822
0.00012870372999999823
0.00012870396499999824
0.00012870419999999825
0.00012870443499999825
0.00012870466999999826
0.00012870490499999827
0.00012870513999999828
0.0001287053749999983
0.0001287822699999983
0.0001288187449999983
0.0001288189799999983
0.00012881921499999832
0.00012881944999999832
0.00012881968499999833
0.00012881991999999834
0.00012882015499999835
0.00012882038999999836
0.00012882062499999837
0.00012882085999999838
0.0001288210949999984
0.0001288385349999984
0.0001288461299999984
0.0001288463649999984
0.00012884659999999842
0.00012884683499999843
0.00012884706999999844
0.00012884730499999845
0.00012888184499999845
0.00012889663999999845
0.00012889687499999846
0.00012891431499999846
0.00012892190999999847
0.00012892214499999848
0.0001289223799999985
0.0001289226149999985
0.0001290157849999985
0.0001290667399999985
0.00012906697499999852
0.00012906720999999853
0.00012906744499999854
0.00012911013999999853
0.00012913221499999853
0.00012913244999999854
0.00012913268499999855
0.00012913291999999856
0.00012915035999999856
0.00012915795499999857
0.00012915818999999858
0.00012915842499999859
0.0001291586599999986
0.0001291588949999986
0.0001292186899999986
0.00012924796499999862
0.00012924819999999862
0.00012924843499999863
0.00012924866999999864
0.00012929136499999864
0.00012931343999999863
0.00012931367499999864
0.00012931390999999865
0.00012931414499999866
0.00012931437999999867
0.00012931461499999868
0.00012933205499999868
0.00012936145499999868
0.0001293764099999987
0.0001293766449999987
0.0001293768799999987
0.0001294618749999987
0.00012950554999999872
0.00012950578499999873
0.00012952322499999873
0.00012955269999999873
0.00012956773499999872
0.00012956796999999873
0.00012956820499999874
0.00012956843999999875
0.00012956867499999876
0.00012956890999999877
0.00012956914499999878
0.00012956937999999879
0.0001295696149999988
0.0001295698499999988
0.0001295872899999988
0.00012959488499999881
0.00012959511999999882
0.00012959535499999883
0.00012959558999999884
0.00012959582499999885
0.00012968891999999885
0.00012978864999999885
0.00012984688499999885
0.00012984711999999886
0.00012984735499999887
0.00012984758999999888
0.0001298478249999989
0.0001298905199999989
0.00012991259499999888
0.0001299128299999989
0.0001299130649999989
0.0001299132999999989
0.0001299307399999989
0.00012993833499999892
0.00012993856999999893
0.00012993880499999894
0.00012993903999999895
0.00012993927499999896
0.00012993950999999897
0.00012993974499999898
0.000129939979999999
0.000129940214999999
0.000129940449999999
0.000129957889999999
0.00012996548499999902
0.00012996571999999903
0.00012996595499999904
0.00012996618999999905
0.00012996642499999906
0.00012996665999999907
0.00013000119999999907
0.00013001599499999907
0.00013001622999999908
0.0001300164649999991
0.0001304543849999991
0.0001306277399999991
0.0001306279749999991
0.00013062820999999912
0.00013062844499999913
0.00013062867999999914
0.00013062891499999915
0.00013062914999999916
0.00013062938499999917
0.00013062961999999918
0.00013064705999999918
0.00013065465499999918
0.0001306548899999992
0.0001306551249999992
0.00013065535999999921
0.00013065559499999922
0.00013065582999999923
0.00013065606499999924
0.00013065629999999925
0.00013065653499999926
0.00013065676999999927
0.00013065700499999928
0.0001306572399999993
0.0001306917799999993
0.0001307328799999993
0.0001307550349999993
0.0001307552699999993
0.0001307727099999993
0.00013078030499999931
0.00013079774499999931
0.00013080533999999932
0.00013082277999999932
0.00013083037499999933
0.00013083060999999934
0.00013083084499999935
0.00013083107999999936
0.00013083131499999937
0.00013083154999999938
0.0001308317849999994
0.0001308320199999994
0.0001308322549999994
0.00013083248999999942
0.00013083272499999943
0.00013086726499999943
0.00013088205999999943
0.00013088229499999944
0.00013088252999999945
0.00013088276499999946
0.00013088299999999947
0.00013088323499999948
0.00013091777499999949
0.00013093256999999948
0.0001309328049999995
0.0001309330399999995
0.0001309332749999995
0.00013093350999999952
0.00013095094999999952
0.00013095854499999953
0.00013095877999999954
0.00013095901499999955
0.00013095924999999956
0.00013095948499999957
0.00013097692499999957
0.00013098451999999958
0.0001309847549999996
0.0001310022699999996
0.00013100994499999958
0.0001310101799999996
0.0001310276199999996
0.0001311083199999996
0.0001311847799999996
0.0001312286949999996
0.00013122892999999962
0.00013122916499999963
0.00013122939999999964
0.00013122963499999964
0.00013134792999999965
0.00013141320499999965
0.00013141343999999966
0.00013141367499999967
0.00013144821499999968
0.0001315236699999997
0.00013157486499999969
0.0001315750999999997
0.0001315753349999997
0.0001316098749999997
0.0001316509749999997
0.0001316731299999997
0.00013167336499999972
0.00013167359999999973
0.00013167383499999974
0.00013167406999999975
0.00013167430499999976
0.00013170884499999976
0.00013178414499999977
0.00013182069999999977
0.00013182093499999978
0.0001318211699999998
0.0001318214049999998
0.0001318389199999998
0.0001318465949999998
0.0001318468299999998
0.0001318470649999998
0.00013184729999999982
0.00013184753499999983
0.00013184776999999984
0.00013184800499999985
0.00013184823999999986
0.00013184847499999987
0.00013194156999999987
0.00013199244499999987
0.00013199267999999988
0.0001319929149999999
0.0001319931499999999
0.0001320276899999999
0.0001320424849999999
0.0001320427199999999
0.00013204295499999992
0.00013206039499999992
0.00013206798999999993
0.00013206822499999994
0.00013250614499999994
0.00013280490499999995
0.00013298561999999995
0.00013298585499999996
0.00013298608999999997
0.00013302062999999997
0.00013303542499999997
0.00013303565999999998
0.000133035895
0.00013303613
0.000133095925
0.0001331252
0.00013312543500000002
0.00013312567000000003
0.00013312590500000004
0.00013312614000000005
0.00013312637500000006
0.00013316091500000006
0.00013317571000000006
0.00013317594500000007
0.00013317618000000008
0.0001331764150000001
0.0001331766500000001
0.0001331768850000001
0.00013317712000000012
0.00013317735500000013
0.00013319479500000013
0.00013320239000000014
0.00013320262500000015
0.00013320286000000016
0.00013323740000000016
0.00013325219500000016
0.00013325243000000017
0.00013328697000000017
0.00013330176500000017
0.00013330200000000018
0.0001333022350000002
0.0001333024700000002
0.0001333451650000002
0.0001333672400000002
0.0001334017800000002
0.0001334428800000002
0.0001334959400000002
0.0001335609600000002
0.0001335978350000002
0.0001335980700000002
0.0001336326850000002
0.0001336475600000002
0.00013364779500000021
0.00013368233500000022
0.00013369713000000022
0.00013369736500000023
0.00013369760000000024
0.00013369783500000025
0.00013369807000000026
0.00013369830500000026
0.00013369854000000027
0.00013369877500000028
0.0001337333150000003
0.00013374811000000029
0.0001337483450000003
0.0001337485800000003
0.00013374881500000032
0.00013374905000000033
0.00013376649000000033
0.00013381299000000033
0.00013383514500000032
0.00013390304000000032
0.00013393951500000032
0.00013393975000000033
0.00013393998500000034
0.00013394022000000035
0.00013437814000000036
0.00013455149500000036
0.00013455173000000037
0.00013455196500000038
0.00013493948500000038
0.0001352086200000004
0.00013536781500000038
0.0001353680500000004
0.0001353682850000004
0.0001353685200000004
0.00013536875500000042
0.00013536899000000043
0.00013536922500000044
0.00013536946000000045
0.00013536969500000046
0.00013536993000000047
0.00013537016500000048
0.0001353704000000005
0.0001353706350000005
0.0001353708700000005
0.00013537110500000052
0.00013537134000000053
0.00013540588000000053
0.00013542067500000053
0.00013551377000000053
0.00013556464500000053
0.00013556488000000054
0.00013556511500000055
0.00013556535000000056
0.00013559989000000056
0.00013565809000000057
0.00013568744500000056
0.00013568768000000057
0.00013570512000000057
0.00013571271500000058
0.00013571295000000059
0.0001357131850000006
0.0001357134200000006
0.00013571365500000061
0.00013571389000000062
0.00013578178500000062
0.00013581826000000062
0.00013581849500000063
0.00013585311000000063
0.00013586798500000064
0.00013586822000000065
0.00013590276000000065
0.00013591755500000065
0.00013593499500000065
0.00013594259000000066
0.00013594282500000067
0.00013594306000000068
0.0001359432950000007
0.0001359435300000007
0.0001359437650000007
0.00013594400000000072
0.00013594423500000073
0.00013594447000000074
0.00013594470500000075
0.00013594494000000076
0.00013594517500000076
0.00013596261500000077
0.00013600911500000077
0.00013603127000000076
0.00013609916500000076
0.00013613564000000076
0.00013613587500000077
0.00013613611000000078
0.0001361363450000008
0.0001361879850000008
0.00013620998000000078
0.0001362102150000008
0.0001362104500000008
0.0001362106850000008
0.00013621092000000082
0.00013621115500000083
0.00013621139000000084
0.00013621162500000085
0.00013621186000000086
0.00013621209500000087
0.00013621233000000088
0.0001362125650000009
0.0001362128000000009
0.0001362130350000009
0.00013621327000000092
0.00013621350500000093
0.00013621374000000094
0.00013621397500000095
0.00013621421000000096
0.00013621444500000097
0.00013621468000000098
0.00013624922000000098
0.00013626401500000098
0.00013635711000000098
0.00013655604500000098
0.000136808655000001
0.000136960970000001
0.000136961205000001
0.000136961440000001
0.000136978880000001
0.00013698647500000102
0.00013742439500000103
0.00013759775000000103
0.00013759798500000104
0.00013759822000000105
0.00013803614000000106
0.00013820949500000106
0.00013820973000000107
0.00013820996500000108
0.0001382102000000011
0.0001382104350000011
0.0001382106700000011
0.00013821090500000112
0.00013821114000000113
0.00013821137500000114
0.00013826301500000115
0.00013828501000000113
0.00013828524500000114
0.00013828548000000115
0.00013828571500000116
0.00013828595000000117
0.00013828618500000118
0.0001387241050000012
0.0001388974600000012
0.0001388976950000012
0.0001388979300000012
0.00013889816500000122
0.00013889840000000123
0.00013889863500000124
0.00013889887000000125
0.00013889910500000126
0.00013889934000000127
0.00013889957500000128
0.0001388998100000013
0.0001389000450000013
0.0001389002800000013
0.00013890051500000132
0.00013890075000000133
0.00013933867000000133
0.00013951202500000134
0.00013951226000000135
0.00013951249500000136
0.00013951273000000137
0.00013951296500000138
0.0001395132000000014
0.0001395134350000014
0.0001399261550000014
0.0001400851100000014
0.0001404726300000014
0.0001406171850000014
0.0001406174200000014
0.00014061765500000142
0.00014061789000000143
0.00014061812500000144
0.00014061836000000145
0.00014061859500000146
0.00014100611500000146
0.00014115067000000146
0.00014115090500000147
0.00014115114000000148
0.0001411513750000015
0.0001411516100000015
0.0001411518450000015
0.00014115208000000152
0.00014116952000000152
0.0001411989200000015
0.00014121387500000152
0.00014126551500000153
0.00014128751000000152
0.00014128774500000153
0.00014128798000000154
0.00014133962000000154
0.00014136161500000153
0.00014136185000000154
0.00014136208500000155
0.00014174960500000155
0.00014200156500000156
0.00014215348000000156
0.00014215371500000157
0.00014215395000000158
0.00014215418500000159
0.0001422058250000016
0.00014222782000000158
0.0001422280550000016
0.0001422282900000016
0.0001422285250000016
0.00014222876000000162
0.00014226330000000162
0.00014230440000000163
0.00014232655500000162
0.00014232679000000163
0.00014232702500000164
0.00014232726000000165
0.00014236180000000166
0.00014237659500000165
0.00014237683000000166
0.00014237706500000167
0.00014237730000000168
0.0001423775350000017
0.0001423777700000017
0.0001423780050000017
0.00014237824000000172
0.00014237847500000173
0.00014237871000000174
0.00014239615000000174
0.00014240374500000175
0.00014240398000000176
0.00014240421500000177
0.00014240445000000178
0.0001424046850000018
0.0001424049200000018
0.0001424051550000018
0.00014240539000000182
0.00014240562500000183
0.00014240586000000184
0.00014240609500000185
0.00014240633000000186
0.00014240656500000187
0.00014240680000000188
0.0001424070350000019
0.00014280813000000188
0.00014295996500000187
0.00014296020000000188
0.0001429604350000019
0.0001429778750000019
0.0001429854700000019
0.0001429857050000019
0.00014298594000000192
0.00014298617500000193
0.00014300361500000193
0.00014301121000000194
0.00014301144500000195
0.00014301168000000196
0.00014301191500000197
0.00014308881000000198
0.00014312528500000197
0.00014312552000000198
0.000143125755000002
0.000143125990000002
0.000143143430000002
0.000143172830000002
0.000143282845000002
0.000143348760000002
0.000143348995000002
0.000143349230000002
0.000143736750000002
0.000143881305000002
0.00014388154000000202
0.00014388177500000203
0.00014389921500000203
0.00014390681000000204
0.00014390704500000205
0.00014390728000000206
0.00014390751500000207
0.00014392495500000207
0.00014395435500000206
0.00014396931000000207
0.00014402095000000208
0.00014404294500000207
0.00014404318000000208
0.00014404341500000209
0.0001440950550000021
0.00014411705000000208
0.00014415159000000208
0.00014416638500000208
0.0001441666200000021
0.0001441668550000021
0.0001441842950000021
0.0001442307950000021
0.0001442529500000021
0.0001442703900000021
0.0001442779850000021
0.00014427822000000212
0.00014427845500000213
0.00014427869000000214
0.00014427892500000215
0.00014427916000000216
0.00014468025500000216
0.00014483209000000215
0.00014487478500000214
0.00014489686000000214
0.00014489709500000215
0.00014489733000000216
0.00014489756500000217
0.00014489780000000218
0.00014489803500000219
0.0001448982700000022
0.0001449328100000022
0.0001449476050000022
0.0001449478400000022
0.00014494807500000222
0.00014494831000000223
0.00014494854500000224
0.00014500018500000224
0.00014508718500000223
0.00014520954500000223
0.00014527506000000222
0.00014527529500000223
0.00014527553000000224
0.00014527576500000225
0.00014527600000000226
0.00014527623500000227
0.00014527647000000228
0.0001452767050000023
0.0001452769400000023
0.0001453114800000023
0.0001453262750000023
0.0001453265100000023
0.00014532674500000232
0.00014532698000000233
0.00014532721500000234
0.00014532745000000235
0.00014537909000000236
0.00014540108500000234
0.00014540132000000235
0.00014540155500000236
0.00014540179000000237
0.00014540202500000238
0.0001454022600000024
0.0001454024950000024
0.0001454027300000024
0.00014540296500000242
0.00014540320000000243
0.00014540343500000244
0.00014540367000000245
0.00014540390500000246
0.00014540414000000247
0.00014540437500000248
0.00014545601500000249
0.00014547801000000247
0.00014547824500000248
0.0001454784800000025
0.0001454787150000025
0.0001454789500000025
0.00014547918500000252
0.00014547942000000253
0.00014553113500000254
0.00014555321000000253
0.00014555344500000254
0.00014555368000000255
0.00014557112000000255
0.00014557871500000256
0.00014557895000000257
0.00014559639000000257
0.00014607975000000255
0.00014628222500000256
0.00014674534500000257
0.00014693310000000258
0.00014749527500000257
0.00014775511000000258
0.0001477553450000026
0.0001477555800000026
0.0001477558150000026
0.0001477733300000026
0.00014830301500000262
0.00014870837500000262
0.00014895469000000263
0.00014895492500000264
0.00014900656500000265
0.00014902856000000264
0.00014902879500000265
0.00014902903000000266
0.00014941655000000266
0.00014956110500000266
0.00014956134000000267
0.00014956157500000268
0.00014957909000000267
0.00015001227000000267
0.00015018610500000269
0.0001501863400000027
0.0001502037800000027
0.0001502113750000027
0.00015021161000000271
0.00015021184500000272
0.00015059936500000273
0.00015074392000000272
0.00015074415500000273
0.00015074439000000274
0.00015074462500000275
0.00015074486000000276
0.00015082175500000277
0.00015085823000000277
0.00015085846500000277
0.00015085870000000278
0.0001508932400000028
0.0001509080350000028
0.0001509082700000028
0.0001509085050000028
0.00015090874000000282
0.00015090897500000283
0.00015090921000000283
0.00015090944500000284
0.00015090968000000285
0.00015090991500000286
0.00015091015000000287
0.00015092759000000287
0.00015093518500000288
0.0001509354200000029
0.0001509356550000029
0.0001509358900000029
0.00015093612500000292
0.00015093636000000293
0.00015093659500000294
0.00015095403500000294
0.00015096163000000295
0.00015096186500000296
0.00015096210000000297
0.00015096233500000298
0.000150962570000003
0.000150980085000003
0.00015098776000000298
0.00015100520000000298
0.000151012795000003
0.000151013030000003
0.000151013265000003
0.00015101350000000302
0.00015101373500000303
0.00015101397000000303
0.00015101420500000304
0.00015101444000000305
0.00015106608000000306
0.00015108807500000305
0.00015108831000000306
0.00015108854500000307
0.00015114018500000308
0.00015116218000000306
0.00015116241500000307
0.00015116265000000308
0.0001511628850000031
0.0001511631200000031
0.0001511633550000031
0.00015116359000000312
0.00015116382500000313
0.00015116406000000314
0.00015124095500000315
0.00015127743000000314
0.00015127766500000315
0.00015127790000000316
0.00015127813500000317
0.00015127837000000318
0.0001513300100000032
0.00015141701000000318
0.00015146076500000317
0.00015146100000000318
0.0001514612350000032
0.0001514614700000032
0.0001514617050000032
0.00015146194000000322
0.00015146217500000323
0.00015146241000000323
0.00015146264500000324
0.00015146288000000325
0.00015146311500000326
0.00015146335000000327
0.00015146358500000328
0.0001514638200000033
0.0001514640550000033
0.0001514642900000033
0.00015146452500000332
0.00015146476000000333
0.00015146499500000334
0.00015146523000000335
0.00015146546500000336
0.00015154243500000336
0.00015157899000000337
0.00015161353000000337
0.00015162832500000337
0.00015162856000000338
0.0001516287950000034
0.0001516290300000034
0.0001516292650000034
0.00015162950000000342
0.00015162973500000343
0.00015162997000000344
0.00015163020500000345
0.00015164764500000345
0.00015165524000000346
0.00015165547500000347
0.00015165571000000348
0.00015165594500000349
0.0001516561800000035
0.0001516564150000035
0.00015165665000000351
0.00015167409000000351
0.00015168168500000352
0.00015168192000000353
0.00015168215500000354
0.00015168239000000355
0.00015182678500000356
0.00015196161500000358
0.00015204145000000357
0.00015204168500000358
0.00015205920000000358
0.00015206687500000357
0.00015206711000000358
0.0001520673450000036
0.0001520675800000036
0.0001520678150000036
0.00015206805000000362
0.00015206828500000363
0.00015206852000000364
0.00015206875500000365
0.00015206899000000366
0.00015208643000000366
0.00015211583000000365
0.00015219139000000365
0.00015222810500000364
0.00015222834000000365
0.00015222857500000366
0.00015222881000000367
0.00015222904500000368
0.0001522292800000037
0.0001522295150000037
0.0001522297500000037
0.00015222998500000372
0.00015223022000000373
0.00015224766000000373
0.00015225525500000374
0.00015230689500000374
0.00015232889000000373
0.00015232912500000374
0.00015232936000000375
0.00015238100000000376
0.00015240299500000374
0.00015240323000000375
0.00015240346500000376
0.00015240370000000377
0.00015240393500000378
0.0001524041700000038
0.0001524044050000038
0.0001524046400000038
0.00015240487500000382
0.00015245651500000383
0.00015254359000000384
0.00015258742500000384
0.00015258766000000385
0.00015258789500000386
0.00015258813000000387
0.00015258836500000388
0.00015264000500000389
0.00015266200000000387
0.00015266223500000388
0.0001526624700000039
0.0001526627050000039
0.0001526629400000039
0.00015266317500000392
0.00015266341000000393
0.00015266364500000394
0.00015266388000000395
0.00015266411500000396
0.00015266435000000397
0.00015266458500000398
0.000152664820000004
0.000152665055000004
0.000152665290000004
0.00015271693000000402
0.000152738925000004
0.000152739160000004
0.00015273939500000402
0.00015273963000000403
0.00015273986500000404
0.00015274010000000405
0.00015274033500000406
0.00015274057000000407
0.00015277511000000407
0.00015278990500000407
0.00015280734500000407
0.00015283682000000407
0.00015287831000000406
0.00015290070500000404
0.00015290094000000405
0.00015291838000000405
0.00015292597500000406
0.00015292621000000407
0.00015292644500000408
0.00015294388500000408
0.00015303734000000408
0.00015308853500000408
0.0001530887700000041
0.0001530890050000041
0.0001530892400000041
0.00015308947500000412
0.00015308971000000413
0.00015310715000000413
0.00015311474500000414
0.00015313218500000414
0.00015313978000000415
0.00015318247500000414
0.00015323540500000415
0.00015326484000000414
0.00015326507500000415
0.00015328251500000415
0.00015339217000000414
0.00015363240000000413
0.00015381407500000412
0.00015381431000000413
0.00015381454500000414
0.00015383198500000414
0.00015386138500000414
0.00015387634000000415
0.00015387657500000416
0.00015387681000000417
0.00015387704500000417
0.00015389448500000417
0.00015390208000000418
0.00015391952000000418
0.0001539271150000042
0.0001539445550000042
0.0001539521500000042
0.00015395238500000421
0.00015395262000000422
0.00015395285500000423
0.00015395309000000424
0.00015397053000000424
0.00015397812500000425
0.00015397836000000426
0.00015399580000000426
0.00015400339500000427
0.00015400363000000428
0.0001540038650000043
0.0001540041000000043