3.873000000000001e-07
5.316950000000002e-07
9.192150000000003e-07
1.0637700000000003e-06
1.0640050000000002e-06
1.4515250000000003e-06
1.5960800000000004e-06
1.5963150000000003e-06
2.0090350000000005e-06
2.1679900000000004e-06
2.1682250000000003e-06
2.1684600000000002e-06
2.168695e-06
2.16893e-06
2.169165e-06
2.1694e-06
2.169635e-06
2.1698699999999998e-06
2.5709649999999997e-06
2.7227999999999996e-06
2.7230349999999995e-06
3.1241299999999994e-06
3.2759649999999993e-06
3.2761999999999992e-06
3.276434999999999e-06
3.276669999999999e-06
3.276904999999999e-06
3.277139999999999e-06
3.277374999999999e-06
3.2776099999999988e-06
3.2778449999999987e-06
3.2780799999999986e-06
3.2783149999999985e-06
3.2785499999999985e-06
3.2787849999999984e-06
3.2790199999999983e-06
3.2792549999999982e-06
3.279489999999998e-06
3.279724999999998e-06
3.279959999999998e-06
3.280194999999998e-06
3.280429999999998e-06
3.2806649999999978e-06
3.2808999999999977e-06
3.2811349999999976e-06
3.2813699999999975e-06
3.2816049999999974e-06
3.2818399999999974e-06
3.2820749999999973e-06
3.282309999999997e-06
3.282544999999997e-06
3.282779999999997e-06
3.283014999999997e-06
3.283249999999997e-06
3.317789999999997e-06
3.332584999999997e-06
3.332819999999997e-06
3.3330549999999968e-06
3.3332899999999967e-06
3.3335249999999966e-06
3.3337599999999965e-06
3.3339949999999964e-06
3.3342299999999964e-06
3.3344649999999963e-06
3.334699999999996e-06
3.334934999999996e-06
3.335169999999996e-06
3.335404999999996e-06
3.335639999999996e-06
3.335874999999996e-06
3.3361099999999957e-06
3.3363449999999957e-06
3.3365799999999956e-06
3.3368149999999955e-06
3.3370499999999954e-06
3.3372849999999954e-06
3.3375199999999953e-06
3.337754999999995e-06
3.337989999999995e-06
3.338224999999995e-06
3.338459999999995e-06
3.338694999999995e-06
3.338929999999995e-06
3.3391649999999947e-06
3.3393999999999947e-06
3.3396349999999946e-06
3.3398699999999945e-06
3.3401049999999944e-06
3.3403399999999943e-06
3.3405749999999943e-06
3.340809999999994e-06
3.341044999999994e-06
3.341279999999994e-06
3.341514999999994e-06
3.341749999999994e-06
3.341984999999994e-06
3.3422199999999937e-06
3.3424549999999936e-06
3.3599699999999937e-06
3.3676449999999936e-06
3.3678799999999935e-06
3.3681149999999934e-06
3.3683499999999933e-06
3.3685849999999933e-06
3.368819999999993e-06
3.369054999999993e-06
3.369289999999993e-06
3.369524999999993e-06
3.369759999999993e-06
3.369994999999993e-06
3.3702299999999927e-06
3.3704649999999926e-06
3.3706999999999926e-06
3.3709349999999925e-06
3.3711699999999924e-06
3.3714049999999923e-06
3.3716399999999923e-06
3.371874999999992e-06
3.372109999999992e-06
3.372344999999992e-06
3.372579999999992e-06
3.372814999999992e-06
3.3730499999999918e-06
3.3732849999999917e-06
3.3735199999999916e-06
3.3737549999999916e-06
3.3739899999999915e-06
3.3742249999999914e-06
3.3744599999999913e-06
3.3746949999999912e-06
3.374929999999991e-06
3.375164999999991e-06
3.375399999999991e-06
3.375634999999991e-06
3.375869999999991e-06
3.3761049999999908e-06
3.3763399999999907e-06
3.3765749999999906e-06
3.3768099999999905e-06
3.3770449999999905e-06
3.3772799999999904e-06
3.3775149999999903e-06
3.3777499999999902e-06
3.37798499999999e-06
3.37821999999999e-06
3.37845499999999e-06
3.37868999999999e-06
3.37892499999999e-06
3.3791599999999898e-06
3.3793949999999897e-06
3.3796299999999896e-06
3.3798649999999895e-06
3.3800999999999895e-06
3.7676199999999897e-06
3.912174999999989e-06
3.91240999999999e-06
3.91264499999999e-06
3.91287999999999e-06
3.913114999999991e-06
3.913349999999991e-06
3.956119999999991e-06
3.978274999999991e-06
3.9785099999999915e-06
3.978744999999992e-06
4.366264999999992e-06
4.510819999999991e-06
4.511054999999992e-06
4.511289999999992e-06
4.511524999999992e-06
4.511759999999993e-06
4.511994999999993e-06
4.512229999999993e-06
4.512464999999994e-06
4.677559999999994e-06
4.771634999999994e-06
4.7718699999999945e-06
4.772104999999995e-06
4.772339999999995e-06
4.7725749999999956e-06
4.772809999999996e-06
4.773044999999996e-06
4.773279999999997e-06
4.773514999999997e-06
4.773749999999997e-06
4.773984999999998e-06
4.774219999999998e-06
4.774454999999998e-06
4.774689999999999e-06
4.774924999999999e-06
4.775159999999999e-06
4.775395e-06
4.77563e-06
4.775865e-06
4.776100000000001e-06
4.776335000000001e-06
4.7765700000000014e-06
4.776805000000002e-06
4.777040000000002e-06
4.7772750000000025e-06
4.777510000000003e-06
4.777745000000003e-06
4.7779800000000035e-06
4.778215000000004e-06
4.778450000000004e-06
4.7786850000000045e-06
4.778920000000005e-06
4.779155000000005e-06
4.779390000000006e-06
4.779625000000006e-06
4.779860000000006e-06
4.780095000000007e-06
4.780330000000007e-06
4.780565000000007e-06
4.780800000000008e-06
5.1683200000000075e-06
5.312875000000007e-06
5.3131100000000075e-06
5.313345000000008e-06
5.313580000000008e-06
5.701100000000008e-06
5.845655000000008e-06
5.845890000000008e-06
6.233410000000008e-06
6.3779650000000075e-06
6.395480000000007e-06
6.403155000000007e-06
6.403390000000007e-06
6.403625000000008e-06
6.403860000000008e-06
6.404095000000008e-06
6.404330000000009e-06
6.404565000000009e-06
6.404800000000009e-06
6.40503500000001e-06
6.40527000000001e-06
6.4055050000000104e-06
6.405740000000011e-06
6.793260000000011e-06
6.93781500000001e-06
6.938050000000011e-06
7.32557000000001e-06
7.47012500000001e-06
7.48756500000001e-06
7.495160000000011e-06
7.495395000000011e-06
7.495630000000011e-06
7.495865000000012e-06
7.496100000000012e-06
7.496335000000012e-06
7.496570000000013e-06
7.496805000000013e-06
7.497040000000013e-06
7.497275000000014e-06
7.497510000000014e-06
7.885030000000014e-06
8.029585000000014e-06
8.029820000000014e-06
8.030055000000013e-06
8.030290000000013e-06
8.030525000000012e-06
8.030760000000012e-06
8.030995000000011e-06
8.031230000000011e-06
8.03146500000001e-06
8.03170000000001e-06
8.03193500000001e-06
8.032170000000009e-06
8.032405000000008e-06
8.032640000000008e-06
8.032875000000007e-06
8.033110000000007e-06
8.033345000000006e-06
8.033580000000006e-06
8.033815000000005e-06
8.034050000000005e-06
8.034285000000004e-06
8.034520000000004e-06
8.034755000000003e-06
8.422275000000004e-06
8.566830000000005e-06
8.567065000000004e-06
8.567300000000004e-06
8.567535000000003e-06
8.567770000000003e-06
8.568005000000002e-06
8.568240000000002e-06
8.568475000000001e-06
8.56871e-06
8.568945e-06
8.56918e-06
8.569414999999999e-06
8.970509999999999e-06
9.234299999999999e-06
9.393494999999999e-06
9.781015e-06
9.92557e-06
1.031309e-05
1.0457645000000001e-05
1.045788e-05
1.0458115e-05
1.045835e-05
1.0458584999999999e-05
1.0458819999999999e-05
1.0459054999999998e-05
1.0459289999999998e-05
1.0459524999999997e-05
1.0459759999999997e-05
1.0459994999999996e-05
1.0460229999999996e-05
1.0460464999999995e-05
1.0460699999999995e-05
1.0460934999999994e-05
1.0461169999999994e-05
1.0461404999999993e-05
1.0461639999999993e-05
1.0461874999999992e-05
1.0462109999999992e-05
1.0462344999999991e-05
1.046257999999999e-05
1.046281499999999e-05
1.046304999999999e-05
1.0463284999999989e-05
1.0463519999999989e-05
1.0463754999999988e-05
1.0463989999999988e-05
1.0464224999999987e-05
1.0464459999999987e-05
1.0464694999999986e-05
1.0464929999999986e-05
1.0465164999999985e-05
1.0465399999999985e-05
1.0465634999999984e-05
1.0465869999999984e-05
1.0466104999999983e-05
1.0466339999999983e-05
1.0466574999999982e-05
1.0466809999999982e-05
1.0467044999999981e-05
1.046727999999998e-05
1.0854799999999981e-05
1.0999354999999982e-05
1.0999589999999981e-05
1.099982499999998e-05
1.100005999999998e-05
1.100029499999998e-05
1.100052999999998e-05
1.1000764999999979e-05
1.1000999999999978e-05
1.1001234999999978e-05
1.1166404999999977e-05
1.1260559999999977e-05
1.1260794999999977e-05
1.1261029999999976e-05
1.1261264999999976e-05
1.1261499999999975e-05
1.1261734999999975e-05
1.1261969999999974e-05
1.1262204999999974e-05
1.1262439999999973e-05
1.1262674999999973e-05
1.1262909999999972e-05
1.1263144999999972e-05
1.1263379999999971e-05
1.192905499999997e-05
1.226808999999997e-05
1.226832499999997e-05
1.226855999999997e-05
1.226879499999997e-05
1.2269029999999969e-05
1.2269264999999968e-05
1.2269499999999968e-05
1.2269734999999967e-05
1.2269969999999967e-05
1.2270204999999966e-05
1.2270439999999966e-05
1.2270674999999965e-05
1.2270909999999965e-05
1.2288349999999965e-05
1.2295944999999964e-05
1.2296179999999964e-05
1.2296414999999963e-05
1.2296649999999963e-05
1.2296884999999962e-05
1.2297119999999962e-05
1.2297354999999961e-05
1.2297589999999961e-05
1.229782499999996e-05
1.229805999999996e-05
1.229829499999996e-05
1.2298529999999959e-05
1.2711249999999959e-05
1.353524999999996e-05
1.399724499999996e-05
1.3997479999999959e-05
1.3997714999999959e-05
1.3997949999999958e-05
1.3998184999999958e-05
1.3998419999999957e-05
1.3998654999999957e-05
1.3998889999999956e-05
1.3999124999999956e-05
1.3999359999999955e-05
1.4412079999999955e-05
1.4571034999999955e-05
1.4571269999999954e-05
1.4571504999999954e-05
1.4571739999999953e-05
1.4571974999999953e-05
1.4572209999999952e-05
1.4572444999999952e-05
1.4572679999999951e-05
1.4960199999999952e-05
1.5229259999999951e-05
1.538837499999995e-05
1.538860999999995e-05
1.538884499999995e-05
1.542338499999995e-05
1.5438179999999952e-05
1.608765499999995e-05
1.641228999999995e-05
1.641252499999995e-05
1.641275999999995e-05
1.644729999999995e-05
1.646209499999995e-05
1.6479534999999952e-05
1.648712999999995e-05
1.648736499999995e-05
1.648759999999995e-05
1.648783499999995e-05
1.648806999999995e-05
1.648830499999995e-05
1.648853999999995e-05
1.687605999999995e-05
1.7020614999999948e-05
1.7020849999999947e-05
1.7021084999999947e-05
1.7021319999999946e-05
1.7021554999999946e-05
1.7021789999999945e-05
1.7022024999999945e-05
1.7022259999999944e-05
1.7022494999999944e-05
1.7022729999999943e-05
1.7435449999999945e-05
1.7594404999999945e-05
1.7594639999999944e-05
1.7982159999999945e-05
1.8126714999999944e-05
1.8126949999999943e-05
1.8514469999999944e-05
1.9324069999999944e-05
2.0068469999999943e-05
2.2252624999999945e-05
2.3941419999999945e-05
2.4328939999999945e-05
2.4473494999999944e-05
2.4473729999999944e-05
2.4473964999999943e-05
2.4474199999999943e-05
2.4861719999999943e-05
2.5671319999999943e-05
2.611891499999994e-05
2.611914999999994e-05
2.611938499999994e-05
2.613682499999994e-05
2.614441999999994e-05
2.614465499999994e-05
2.614488999999994e-05
2.653240999999994e-05
2.667696499999994e-05
2.667719999999994e-05
2.6677434999999938e-05
2.6677669999999937e-05
2.7115589999999937e-05
2.7288944999999938e-05
2.7289179999999937e-05
2.7289414999999937e-05
2.7289649999999936e-05
2.7702369999999938e-05
2.7861324999999938e-05
2.824884499999994e-05
2.8393399999999937e-05
2.8393634999999937e-05
2.8393869999999936e-05
2.8428409999999937e-05
2.8881169999999937e-05
2.920384999999994e-05
2.939928499999994e-05
2.939951999999994e-05
2.939975499999994e-05
2.941719499999994e-05
2.9424789999999938e-05
2.9425024999999938e-05
2.9425259999999937e-05
2.9425494999999937e-05
2.9425729999999936e-05
2.9425964999999936e-05
2.9426199999999935e-05
2.9426434999999935e-05
2.9426669999999934e-05
2.9426904999999934e-05
2.9427139999999933e-05
2.9427374999999933e-05
2.9427609999999932e-05
2.9427844999999932e-05
2.942807999999993e-05
2.942831499999993e-05
2.942854999999993e-05
2.942878499999993e-05
2.942901999999993e-05
2.942925499999993e-05
2.9429489999999928e-05
2.9429724999999928e-05
2.9429959999999927e-05
2.9430194999999927e-05
2.9430429999999926e-05
2.9430664999999926e-05
2.9430899999999925e-05
2.9431134999999925e-05
2.9431369999999924e-05
2.9431604999999924e-05
2.9431839999999923e-05
2.9432074999999923e-05
2.9432309999999922e-05
2.943254499999992e-05
2.943277999999992e-05
2.946731999999992e-05
2.9525594999999922e-05
2.955502999999992e-05
2.955526499999992e-05
3.020473999999992e-05
3.076642999999992e-05
3.1105624999999916e-05
3.110585999999992e-05
3.110609499999992e-05
3.1106329999999925e-05
3.110656499999993e-05
3.110679999999993e-05
3.1107034999999933e-05
3.1107269999999936e-05
3.112470999999994e-05
3.113230499999994e-05
3.113253999999994e-05
3.1132774999999945e-05
3.113300999999995e-05
3.113324499999995e-05
3.1133479999999954e-05
3.157139999999995e-05
3.174475499999995e-05
3.1744989999999954e-05
3.1745224999999957e-05
3.174545999999996e-05
3.174569499999996e-05
3.1745929999999965e-05
3.174616499999997e-05
3.174639999999997e-05
3.1746634999999974e-05
3.174686999999998e-05
3.174710499999998e-05
3.174733999999998e-05
3.1747574999999985e-05
3.174780999999999e-05
3.174804499999999e-05
3.178258499999999e-05
3.1797379999999987e-05
3.179761499999999e-05
3.179784999999999e-05
3.1798084999999995e-05
3.179832e-05
3.1798555e-05
3.1980825e-05
3.208218e-05
3.2082415000000004e-05
3.208265000000001e-05
3.208288500000001e-05
3.208312000000001e-05
3.2083355000000016e-05
3.208359000000002e-05
3.208382500000002e-05
3.2084060000000024e-05
3.208429500000003e-05
3.208453000000003e-05
3.208476500000003e-05
3.2085000000000036e-05
3.208523500000004e-05
3.208547000000004e-05
3.2085705000000045e-05
3.208594000000005e-05
3.208617500000005e-05
3.212071500000005e-05
3.222137000000005e-05
3.228696500000005e-05
3.228720000000005e-05
3.2287435000000055e-05
3.274161000000005e-05
3.308100000000005e-05
3.3283395000000054e-05
3.328363000000006e-05
3.330107000000006e-05
3.330866500000006e-05
3.330890000000006e-05
3.3309135000000066e-05
3.330937000000007e-05
3.330960500000007e-05
3.3309840000000075e-05
3.331007500000008e-05
3.331031000000008e-05
3.351778000000008e-05
3.363353500000008e-05
3.367623000000008e-05
3.369830500000008e-05
3.369854000000008e-05
3.369877500000008e-05
3.3699010000000086e-05
3.369924500000009e-05
3.369948000000009e-05
3.3699715000000094e-05
3.36999500000001e-05
3.37001850000001e-05
3.37004200000001e-05
3.3700655000000106e-05
3.370089000000011e-05
3.413881000000011e-05
3.4312165000000106e-05
3.43467050000001e-05
3.43615000000001e-05
3.4361735000000104e-05
3.436197000000011e-05
3.436220500000011e-05
3.436244000000011e-05
3.4362675000000116e-05
3.436291000000012e-05
3.436314500000012e-05
3.4363380000000124e-05
3.436361500000013e-05
3.436385000000013e-05
3.436408500000013e-05
3.4364320000000136e-05
3.4381760000000136e-05
3.438935500000014e-05
3.438959000000014e-05
3.4389825000000145e-05
3.439006000000015e-05
3.442467500000015e-05
3.443955000000015e-05
3.449119000000015e-05
3.451318500000015e-05
3.451342000000015e-05
3.4513655000000154e-05
3.451389000000016e-05
3.451412500000016e-05
3.451436000000016e-05
3.4514595000000166e-05
3.451483000000017e-05
3.451506500000017e-05
3.4515300000000174e-05
3.451553500000018e-05
3.451577000000018e-05
3.451600500000018e-05
3.4516240000000186e-05
3.451647500000019e-05
3.4551015000000186e-05
3.4565810000000184e-05
3.456604500000019e-05
3.456628000000019e-05
3.456651500000019e-05
3.4566750000000196e-05
3.45669850000002e-05
3.45672200000002e-05
3.4567455000000204e-05
3.456769000000021e-05
3.456792500000021e-05
3.456816000000021e-05
3.4568395000000216e-05
3.456863000000022e-05
3.456886500000022e-05
3.4569100000000224e-05
3.456933500000023e-05
3.456957000000023e-05
3.456980500000023e-05
3.4570040000000236e-05
3.457027500000024e-05
3.457051000000024e-05
3.4570745000000245e-05
3.457098000000025e-05
3.457121500000025e-05
3.457145000000025e-05
3.4623090000000254e-05
3.5070450000000256e-05
3.5258525000000254e-05
3.525876000000026e-05
3.525899500000026e-05
3.525923000000026e-05
3.5259465000000265e-05
3.5713640000000263e-05
3.5901475000000264e-05
3.590171000000027e-05
3.590194500000027e-05
3.590218000000027e-05
3.5902415000000276e-05
3.590265000000028e-05
3.590288500000028e-05
3.5903120000000285e-05
3.590335500000029e-05
3.590359000000029e-05
3.590382500000029e-05
3.5904060000000296e-05
3.59042950000003e-05
3.59045300000003e-05
3.5904765000000305e-05
3.5922205000000305e-05
3.63551650000003e-05
3.65288400000003e-05
3.6529075000000306e-05
3.652931000000031e-05
3.652954500000031e-05
3.6529780000000314e-05
3.653001500000032e-05
3.653025000000032e-05
3.653048500000032e-05
3.6530720000000326e-05
3.653095500000033e-05
3.653119000000033e-05
3.6531425000000334e-05
3.653166000000034e-05
3.661673000000034e-05
3.666048500000034e-05
3.686788000000034e-05
3.698355500000034e-05
3.698379000000034e-05
3.6984025000000344e-05
3.7001465000000345e-05
3.700906000000035e-05
3.700929500000035e-05
3.700953000000035e-05
3.7009765000000356e-05
3.701000000000036e-05
3.701023500000036e-05
3.7010470000000365e-05
3.701070500000037e-05
3.701094000000037e-05
3.701117500000037e-05
3.7011410000000376e-05
3.7412505000000374e-05
3.756434000000038e-05
3.7965435000000376e-05
3.811727000000038e-05
3.813471000000038e-05
3.814230500000038e-05
3.8142540000000385e-05
3.814277500000039e-05
3.814301000000039e-05
3.816045000000039e-05
3.8168045000000394e-05
3.81682800000004e-05
3.81685150000004e-05
3.81687500000004e-05
3.83590450000004e-05
3.84675200000004e-05
3.84677550000004e-05
3.8467990000000404e-05
3.846822500000041e-05
3.846846000000041e-05
3.846869500000041e-05
3.8633865000000414e-05
3.8728020000000414e-05
3.872825500000042e-05
3.872849000000042e-05
3.916641000000042e-05
3.933976500000042e-05
3.934000000000042e-05
3.934023500000042e-05
3.977815500000042e-05
3.995151000000042e-05
3.995174500000042e-05
3.9951980000000425e-05
3.995221500000043e-05
3.995245000000043e-05
3.9952685000000434e-05
3.995292000000044e-05
3.9987460000000434e-05
4.000225500000043e-05
4.0002490000000435e-05
4.000272500000044e-05
4.021019500000044e-05
4.0432455000000433e-05
4.0562770000000436e-05
4.056300500000044e-05
4.056324000000044e-05
4.0563475000000444e-05
4.056371000000045e-05
4.056394500000045e-05
4.056418000000045e-05
4.0564415000000456e-05
4.095193500000045e-05
4.1096490000000455e-05
4.109672500000046e-05
4.109696000000046e-05
4.1097195000000464e-05
4.109743000000047e-05
4.109766500000047e-05
4.114930500000047e-05
4.123630500000047e-05
4.128006000000047e-05
4.128029500000047e-05
4.1280530000000475e-05
4.128076500000048e-05
4.128100000000048e-05
4.1281235000000484e-05
4.128147000000049e-05
4.128170500000049e-05
4.128194000000049e-05
4.1282175000000496e-05
4.12824100000005e-05
4.12826450000005e-05
4.1282880000000504e-05
4.128311500000051e-05
4.1317655000000504e-05
4.13324500000005e-05
4.1332685000000505e-05
4.133292000000051e-05
4.133315500000051e-05
4.1333390000000514e-05
4.133362500000052e-05
4.133386000000052e-05
4.133409500000052e-05
4.1334330000000526e-05
4.133456500000053e-05
4.133480000000053e-05
4.1335035000000534e-05
4.133527000000054e-05
4.133550500000054e-05
4.135294500000054e-05
4.139944500000054e-05
4.161386000000054e-05
4.1751775000000536e-05
4.175201000000054e-05
4.181990500000054e-05
4.1856380000000535e-05
4.185661500000054e-05
4.185685000000054e-05
4.1857085000000544e-05
4.1874525000000544e-05
4.1921025000000544e-05
4.194318000000054e-05
4.1943415000000545e-05
4.194365000000055e-05
4.196109000000055e-05
4.196868500000055e-05
4.1968920000000554e-05
4.196915500000056e-05
4.2184650000000555e-05
4.230752500000055e-05
4.2307760000000555e-05
4.230799500000056e-05
4.230823000000056e-05
4.235987000000056e-05
4.238186500000056e-05
4.2382100000000564e-05
4.238233500000057e-05
4.238257000000057e-05
4.238280500000057e-05
4.2383040000000576e-05
4.2400480000000576e-05
4.240807500000058e-05
4.240831000000058e-05
4.2408545000000585e-05
4.240878000000059e-05
4.2443320000000585e-05
4.245811500000058e-05
4.2458350000000586e-05
4.245858500000059e-05
4.245882000000059e-05
4.247626000000059e-05
4.2483855000000595e-05
4.24840900000006e-05
4.24843250000006e-05
4.2484560000000603e-05
4.2484795000000606e-05
4.248503000000061e-05
4.248526500000061e-05
4.2485500000000615e-05
4.248573500000062e-05
4.248597000000062e-05
4.2486205000000624e-05
4.2486440000000627e-05
4.248667500000063e-05
4.248691000000063e-05
4.2487145000000635e-05
4.248738000000064e-05
4.248761500000064e-05
4.2487850000000644e-05
4.252239000000064e-05
4.253718500000064e-05
4.253742000000064e-05
4.2537655000000645e-05
4.253789000000065e-05
4.253812500000065e-05
4.2538360000000654e-05
4.257290000000065e-05
4.258769500000065e-05
4.258793000000065e-05
4.2588165000000655e-05
4.258840000000066e-05
4.258863500000066e-05
4.2588870000000663e-05
4.2589105000000666e-05
4.258934000000067e-05
4.258957500000067e-05
4.262411500000067e-05
4.263891000000067e-05
4.263914500000067e-05
4.263938000000067e-05
4.267392000000067e-05
4.268871500000067e-05
4.268895000000067e-05
4.2689185000000674e-05
4.268942000000068e-05
4.268965500000068e-05
4.268989000000068e-05
4.2690125000000686e-05
4.269036000000069e-05
4.269059500000069e-05
4.273329000000069e-05
4.275536500000069e-05
4.275560000000069e-05
4.2755835000000695e-05
4.27560700000007e-05
4.27563050000007e-05
4.2756540000000704e-05
4.275677500000071e-05
4.280841500000071e-05
4.283041000000071e-05
4.283064500000071e-05
4.2830880000000714e-05
4.2831115000000717e-05
4.283135000000072e-05
4.283158500000072e-05
4.2831820000000725e-05
4.283205500000073e-05
4.283229000000073e-05
4.2832525000000734e-05
4.283276000000074e-05
4.283299500000074e-05
4.283323000000074e-05
4.2833465000000745e-05
4.286800500000074e-05
4.288280000000074e-05
4.2883035000000744e-05
4.2883270000000747e-05
4.288350500000075e-05
4.288374000000075e-05
4.2883975000000755e-05
4.288421000000076e-05
4.288444500000076e-05
4.2884680000000764e-05
4.288491500000077e-05
4.288515000000077e-05
4.288538500000077e-05
4.2885620000000775e-05
4.288585500000078e-05
4.288609000000078e-05
4.2886325000000784e-05
4.288656000000079e-05
4.288679500000079e-05
4.288703000000079e-05
4.2887265000000796e-05
4.28875000000008e-05
4.28877350000008e-05
4.2887970000000804e-05
4.288820500000081e-05
4.288844000000081e-05
4.292298000000081e-05
4.2937775000000805e-05
4.293801000000081e-05
4.293824500000081e-05
4.2938480000000814e-05
4.293871500000082e-05
4.2973255000000814e-05
4.298805000000081e-05
4.2988285000000815e-05
4.3005725000000816e-05
4.301332000000082e-05
4.301355500000082e-05
4.3013790000000824e-05
4.301402500000083e-05
4.301426000000083e-05
4.301449500000083e-05
4.3014730000000836e-05
4.301496500000084e-05
4.301520000000084e-05
4.3015435000000844e-05
4.301567000000085e-05
4.301590500000085e-05
4.301614000000085e-05
4.3016375000000856e-05
4.301661000000086e-05
4.307648000000086e-05
4.310583500000086e-05
4.310607000000086e-05
4.312351000000086e-05
4.3131105000000865e-05
4.313134000000087e-05
4.318298000000087e-05
4.320497500000087e-05
4.320521000000087e-05
4.3205445000000875e-05
4.323998500000087e-05
4.325478000000087e-05
4.3255015000000874e-05
4.3255250000000876e-05
4.325548500000088e-05
4.325572000000088e-05
4.3255955000000885e-05
4.325619000000089e-05
4.325642500000089e-05
4.3256660000000894e-05
4.32568950000009e-05
4.32571300000009e-05
4.32573650000009e-05
4.3257600000000905e-05
4.37117750000009e-05
4.3899610000000904e-05
4.43123300000009e-05
4.44712850000009e-05
4.4471520000000905e-05
4.447175500000091e-05
4.493487500000091e-05
4.512263000000091e-05
4.5122865000000914e-05
4.5123100000000917e-05
4.5561020000000916e-05
4.5734375000000913e-05
4.5734610000000916e-05
4.573484500000092e-05
4.6776975000000916e-05
4.7602755000000916e-05
4.8107790000000915e-05
4.810802500000092e-05
4.8142565000000915e-05
4.815736000000091e-05
4.8157595000000916e-05
4.815783000000092e-05
4.820947000000092e-05
4.823146500000092e-05
4.823170000000092e-05
4.8231935000000926e-05
4.823217000000093e-05
4.823240500000093e-05
4.8232640000000934e-05
4.823287500000094e-05
4.8267415000000934e-05
4.828221000000093e-05
4.8282445000000935e-05
4.828268000000094e-05
4.828291500000094e-05
4.8283150000000944e-05
4.8402420000000946e-05
4.846057500000095e-05
4.846081000000095e-05
4.8461045000000954e-05
4.8512685000000955e-05
4.8565485000000956e-05
4.8594840000000956e-05
4.859507500000096e-05
4.8730545000000956e-05
4.8803100000000956e-05
4.880333500000096e-05
4.880357000000096e-05
4.883811000000096e-05
4.885290500000096e-05
4.885314000000096e-05
4.885337500000096e-05
4.8905015000000963e-05
4.8927010000000964e-05
4.892724500000097e-05
4.892748000000097e-05
4.892771500000097e-05
4.8927950000000975e-05
4.892818500000098e-05
4.892842000000098e-05
4.8928655000000984e-05
4.904785000000098e-05
4.910592500000098e-05
4.910616000000098e-05
4.9106395000000984e-05
4.9106630000000986e-05
4.9141170000000984e-05
4.915596500000098e-05
4.9156200000000985e-05
4.919074000000098e-05
4.9266040000000984e-05
4.930259500000099e-05
4.930283000000099e-05
4.930306500000099e-05
4.9303300000000996e-05
4.9303535000001e-05
4.9303770000001e-05
4.9304005000001004e-05
4.9439475000001e-05
4.9512030000001e-05
4.9963525000001e-05
5.0144160000001e-05
5.0178700000001e-05
5.0193495000000996e-05
5.0193730000001e-05
5.0193965000001e-05
5.0245605000001e-05
5.0267600000001e-05
5.0267835000001005e-05
5.026807000000101e-05
5.026830500000101e-05
5.0268540000001014e-05
5.026877500000102e-05
5.026901000000102e-05
5.030355000000102e-05
5.0318345000001015e-05
5.031858000000102e-05
5.031881500000102e-05
5.0319050000001024e-05
5.031928500000103e-05
5.043855500000103e-05
5.049671000000103e-05
5.0496945000001034e-05
5.049718000000104e-05
5.049741500000104e-05
5.049765000000104e-05
5.0549290000001044e-05
5.0571285000001044e-05
5.057152000000105e-05
5.057175500000105e-05
5.057199000000105e-05
5.0572225000001056e-05
5.060676500000105e-05
5.062156000000105e-05
5.0621795000001054e-05
5.062203000000106e-05
5.067367000000106e-05
5.069566500000106e-05
5.069590000000106e-05
5.0696135000001064e-05
5.0696370000001067e-05
5.069660500000107e-05
5.069684000000107e-05
5.0697075000001075e-05
5.073161500000107e-05
5.074641000000107e-05
5.0746645000001073e-05
5.0746880000001076e-05
5.074711500000108e-05
5.074735000000108e-05
5.0747585000001085e-05
5.074782000000109e-05
5.134877000000109e-05
5.163028500000109e-05
5.168192500000109e-05
5.173472500000109e-05
5.176408000000109e-05
5.1764315000001094e-05
5.217703500000109e-05
5.233599000000109e-05
5.2336225000001095e-05
5.23364600000011e-05
5.2889635000001096e-05
5.31494700000011e-05
5.31497050000011e-05
5.3149940000001105e-05
5.315017500000111e-05
5.315041000000111e-05
5.3150645000001113e-05
5.3150880000001116e-05
5.315111500000112e-05
5.315135000000112e-05
5.3151585000001125e-05
5.315182000000113e-05
5.316926000000113e-05
5.317685500000113e-05
5.3177090000001134e-05
5.317732500000114e-05
5.317756000000114e-05
5.317779500000114e-05
5.3178030000001145e-05
5.317826500000115e-05
5.317850000000115e-05
5.3178735000001154e-05
5.319625000000115e-05
5.329806000000115e-05
5.3356695000001155e-05
5.3424590000001155e-05
5.346106500000115e-05
5.3461300000001155e-05
5.349584000000115e-05
5.351063500000115e-05
5.351087000000115e-05
5.3511105000001156e-05
5.351134000000116e-05
5.351157500000116e-05
5.3511810000001164e-05
5.3579705000001164e-05
5.361618000000116e-05
5.3616415000001164e-05
5.365095500000116e-05
5.366575000000116e-05
5.366598500000116e-05
5.3666220000001165e-05
5.366645500000117e-05
5.366669000000117e-05
5.3666925000001173e-05
5.3667160000001176e-05
5.366739500000118e-05
5.366763000000118e-05
5.3667865000001185e-05
5.366810000000119e-05
5.366833500000119e-05
5.3668570000001194e-05
5.3668805000001197e-05
5.36690400000012e-05
5.36692750000012e-05
5.3669510000001205e-05
5.366974500000121e-05
5.366998000000121e-05
5.3670215000001214e-05
5.367045000000122e-05
5.367068500000122e-05
5.367092000000122e-05
5.3671155000001225e-05
5.367139000000123e-05
5.367162500000123e-05
5.375669500000123e-05
5.380045000000123e-05
5.386024500000123e-05
5.3889520000001234e-05
5.4007815000001236e-05
5.4073090000001235e-05
5.407332500000124e-05
5.407356000000124e-05
5.4073795000001244e-05
5.4074030000001247e-05
5.407426500000125e-05
5.407450000000125e-05
5.409201500000125e-05
5.409969000000125e-05
5.4099925000001256e-05
5.410016000000126e-05
5.410039500000126e-05
5.453831500000126e-05
5.471167000000126e-05
5.523244500000126e-05
5.546348000000126e-05
5.5463715000001264e-05
5.5463950000001267e-05
5.546418500000127e-05
5.546442000000127e-05
5.5464655000001275e-05
5.546489000000128e-05
5.546512500000128e-05
5.5465360000001284e-05
5.546559500000129e-05
5.546583000000129e-05
5.546606500000129e-05
5.5466300000001295e-05
5.54665350000013e-05
5.54667700000013e-05
5.5467005000001304e-05
5.546724000000131e-05
5.546747500000131e-05
5.546771000000131e-05
5.5467945000001316e-05
5.5485460000001314e-05
5.5493135000001316e-05
5.549337000000132e-05
5.549360500000132e-05
5.5493840000001325e-05
5.549407500000133e-05
5.549431000000133e-05
5.549454500000133e-05
5.5494780000001336e-05
5.549501500000134e-05
5.549525000000134e-05
5.5495485000001345e-05
5.549572000000135e-05
5.549595500000135e-05
5.588347500000135e-05
5.602803000000135e-05
5.602826500000135e-05
5.6028500000001356e-05
5.602873500000136e-05
5.602897000000136e-05
5.6029205000001365e-05
5.602944000000137e-05
5.602967500000137e-05
5.602991000000137e-05
5.6030145000001376e-05
5.603038000000138e-05
5.603061500000138e-05
5.6030850000001385e-05
5.603108500000139e-05
5.603132000000139e-05
5.6031555000001393e-05
5.6031790000001396e-05
5.60492300000014e-05
5.60568250000014e-05
5.60570600000014e-05
5.6057295000001405e-05
5.605753000000141e-05
5.605776500000141e-05
5.6058000000001414e-05
5.605823500000142e-05
5.605847000000142e-05
5.605870500000142e-05
5.6058940000001425e-05
5.605917500000143e-05
5.649709500000143e-05
5.6670450000001425e-05
5.667068500000143e-05
5.667092000000143e-05
5.6671155000001434e-05
5.667139000000144e-05
5.667162500000144e-05
5.667186000000144e-05
5.6672095000001445e-05
5.667233000000145e-05
5.667256500000145e-05
5.6672800000001454e-05
5.667303500000146e-05
5.667327000000146e-05
5.667350500000146e-05
5.6673740000001466e-05
5.667397500000147e-05
5.667421000000147e-05
5.6674445000001474e-05
5.667468000000148e-05
5.667491500000148e-05
5.667515000000148e-05
5.6675385000001486e-05
5.667562000000149e-05
5.667585500000149e-05
5.6676090000001495e-05
5.66763250000015e-05
5.7077420000001496e-05
5.72292550000015e-05
5.72294900000015e-05
5.7229725000001505e-05
5.722996000000151e-05
5.723019500000151e-05
5.723043000000151e-05
5.7230665000001516e-05
5.723090000000152e-05
5.769865000000152e-05
5.789376500000152e-05
5.789400000000152e-05
5.7894235000001526e-05
5.789447000000153e-05
5.789470500000153e-05
5.7894940000001535e-05
5.789517500000154e-05
5.789541000000154e-05
5.789564500000154e-05
5.7895880000001546e-05
5.789611500000155e-05
5.789635000000155e-05
5.7896585000001555e-05
5.789682000000156e-05
5.789705500000156e-05
5.789729000000156e-05
5.7897525000001566e-05
5.7949240000001565e-05
5.7971315000001565e-05
5.797155000000157e-05
5.797178500000157e-05
5.7972020000001573e-05
5.7972255000001576e-05
5.797249000000158e-05
5.797272500000158e-05
5.7972960000001585e-05
5.797319500000159e-05
5.819776500000159e-05
5.832072000000159e-05
5.8320955000001596e-05
5.83211900000016e-05
5.83214250000016e-05
5.8321660000001604e-05
5.832189500000161e-05
5.832213000000161e-05
5.832236500000161e-05
5.8322600000001616e-05
5.832283500000162e-05
5.832307000000162e-05
5.8323305000001624e-05
5.832354000000163e-05
5.832377500000163e-05
5.832401000000163e-05
5.8324245000001636e-05
5.832448000000164e-05
5.832471500000164e-05
5.8324950000001645e-05
5.832518500000165e-05
5.832542000000165e-05
5.832565500000165e-05
5.8325890000001656e-05
5.832612500000166e-05
5.832636000000166e-05
5.8326595000001665e-05
5.832683000000167e-05
5.832706500000167e-05
5.8327300000001673e-05
5.8327535000001676e-05
5.832777000000168e-05
5.832800500000168e-05
5.8328240000001685e-05
5.832847500000169e-05
5.832871000000169e-05
5.8328945000001694e-05
5.8329180000001697e-05
5.83294150000017e-05
5.83296500000017e-05
5.8329885000001705e-05
5.833012000000171e-05
5.833035500000171e-05
5.8330590000001714e-05
5.833082500000172e-05
5.833106000000172e-05
5.833129500000172e-05
5.8331530000001725e-05
5.833176500000173e-05
5.833200000000173e-05
5.8332235000001734e-05
5.833247000000174e-05
5.833270500000174e-05
5.833294000000174e-05
5.8333175000001746e-05
5.833341000000175e-05
5.833364500000175e-05
5.8333880000001754e-05
5.8854655000001756e-05
5.908569000000176e-05
5.908592500000176e-05
5.908616000000176e-05
5.9086395000001766e-05
5.908663000000177e-05
5.908686500000177e-05
5.9087100000001774e-05
5.908733500000178e-05
5.908757000000178e-05
5.908780500000178e-05
5.9088040000001786e-05
5.908827500000179e-05
5.908851000000179e-05
5.9346305000001794e-05
5.94907800000018e-05
5.94910150000018e-05
5.94912500000018e-05
5.9491485000001806e-05
5.949172000000181e-05
5.949195500000181e-05
5.9492190000001815e-05
5.949242500000182e-05
5.949266000000182e-05
5.949289500000182e-05
5.9493130000001826e-05
5.949336500000183e-05
5.949360000000183e-05
5.9493835000001835e-05
5.949407000000184e-05
5.949430500000184e-05
5.9494540000001844e-05
5.9494775000001846e-05
5.949501000000185e-05
5.949524500000185e-05
5.9495480000001855e-05
5.949571500000186e-05
5.949595000000186e-05
6.0200400000001864e-05
6.056111500000186e-05
6.0561350000001866e-05
6.056158500000187e-05
6.056182000000187e-05
6.0562055000001875e-05
6.056229000000188e-05
6.056252500000188e-05
6.056276000000188e-05
6.0562995000001886e-05
6.056323000000189e-05
6.056346500000189e-05
6.0563700000001895e-05
6.0615340000001896e-05
6.0637335000001896e-05
6.06375700000019e-05
6.06378050000019e-05
6.0638040000001905e-05
6.063827500000191e-05
6.0853770000001905e-05
6.09766450000019e-05
6.0976880000001905e-05
6.097711500000191e-05
6.097735000000191e-05
6.0977585000001914e-05
6.0977820000001917e-05
6.097805500000192e-05
6.097829000000192e-05
6.0978525000001925e-05
6.097876000000193e-05
6.097899500000193e-05
6.0979230000001934e-05
6.097946500000194e-05
6.097970000000194e-05
6.097993500000194e-05
6.0980170000001945e-05
6.098040500000195e-05
6.098064000000195e-05
6.0980875000001954e-05
6.098111000000196e-05
6.098134500000196e-05
6.098158000000196e-05
6.0981815000001966e-05
6.098205000000197e-05
6.098228500000197e-05
6.0982520000001974e-05
6.098275500000198e-05
6.098299000000198e-05
6.098322500000198e-05
6.0983460000001986e-05
6.098369500000199e-05
6.098393000000199e-05
6.0984165000001995e-05
6.0984400000002e-05
6.0984635000002e-05
6.0984870000002e-05
6.1019410000002e-05
6.1034205000002e-05
6.1034440000002e-05
6.1051880000002e-05
6.105947500000199e-05
6.105971000000199e-05
6.151388500000199e-05
6.170172000000199e-05
6.170195500000198e-05
6.170219000000198e-05
6.170242500000197e-05
6.170266000000197e-05
6.170289500000197e-05
6.170313000000196e-05
6.170336500000196e-05
6.170360000000195e-05
6.170383500000195e-05
6.170407000000195e-05
6.170430500000194e-05
6.170454000000194e-05
6.170477500000194e-05
6.170501000000193e-05
6.170524500000193e-05
6.170548000000192e-05
6.170571500000192e-05
6.170595000000192e-05
6.219427000000191e-05
6.257410500000191e-05
6.279810000000191e-05
6.27983350000019e-05
6.27985700000019e-05
6.27988050000019e-05
6.279904000000189e-05
6.279927500000189e-05
6.279951000000189e-05
6.279974500000188e-05
6.279998000000188e-05
6.280021500000187e-05
6.280045000000187e-05
6.280068500000187e-05
6.280092000000186e-05
6.280115500000186e-05
6.280139000000185e-05
6.280162500000185e-05
6.280186000000185e-05
6.280209500000184e-05
6.280233000000184e-05
6.287930000000184e-05
6.291585500000185e-05
6.291609000000184e-05
6.291632500000184e-05
6.291656000000183e-05
6.291679500000183e-05
6.291703000000183e-05
6.291726500000182e-05
6.291750000000182e-05
6.291773500000181e-05
6.291797000000181e-05
6.29182050000018e-05
6.29184400000018e-05
6.29186750000018e-05
6.29189100000018e-05
6.291914500000179e-05
6.291938000000179e-05
6.291961500000178e-05
6.291985000000178e-05
6.292008500000178e-05
6.292032000000177e-05
6.292055500000177e-05
6.292079000000176e-05
6.292102500000176e-05
6.292126000000176e-05
6.292149500000175e-05
6.292173000000175e-05
6.292196500000174e-05
6.292220000000174e-05
6.297384000000173e-05
6.306084000000174e-05
6.310459500000174e-05
6.310483000000174e-05
6.310506500000173e-05
6.310530000000173e-05
6.310553500000172e-05
6.315725000000173e-05
6.317932500000174e-05
6.317956000000173e-05
6.317979500000173e-05
6.318003000000172e-05
6.318026500000172e-05
6.318050000000172e-05
6.318073500000171e-05
6.318097000000171e-05
6.31812050000017e-05
6.31814400000017e-05
6.31816750000017e-05
6.31819100000017e-05
6.318214500000169e-05
6.318238000000169e-05
6.318261500000168e-05
6.318285000000168e-05
6.318308500000167e-05
6.318332000000167e-05
6.318355500000167e-05
6.318379000000166e-05
6.318402500000166e-05
6.318426000000165e-05
6.318449500000165e-05
6.318473000000165e-05
6.318496500000164e-05
6.318520000000164e-05
6.318543500000164e-05
6.318567000000163e-05
6.318590500000163e-05
6.318614000000162e-05
6.318637500000162e-05
6.318661000000162e-05
6.318684500000161e-05
6.318708000000161e-05
6.31873150000016e-05
6.32219300000016e-05
6.323680500000161e-05
6.32370400000016e-05
6.32372750000016e-05
6.32375100000016e-05
6.32377450000016e-05
6.323798000000159e-05
6.323821500000159e-05
6.327275500000159e-05
6.328755000000159e-05
6.328778500000159e-05
6.328802000000158e-05
6.328825500000158e-05
6.328849000000157e-05
6.328872500000157e-05
6.328896000000157e-05
6.328919500000156e-05
6.328943000000156e-05
6.328966500000155e-05
6.328990000000155e-05
6.329013500000155e-05
6.329037000000154e-05
6.329060500000154e-05
6.329084000000153e-05
6.329107500000153e-05
6.329131000000153e-05
6.329154500000152e-05
6.329178000000152e-05
6.329201500000152e-05
6.329225000000151e-05
6.329248500000151e-05
6.32927200000015e-05
6.32929550000015e-05
6.32931900000015e-05
6.329342500000149e-05
6.329366000000149e-05
6.329389500000148e-05
6.329413000000148e-05
6.329436500000148e-05
6.329460000000147e-05
6.329483500000147e-05
6.329507000000146e-05
6.329530500000146e-05
6.329554000000146e-05
6.329577500000145e-05
6.329601000000145e-05
6.329624500000145e-05
6.329648000000144e-05
6.329671500000144e-05
6.329695000000143e-05
6.329718500000143e-05
6.329742000000143e-05
6.329765500000142e-05
6.329789000000142e-05
6.329812500000141e-05
6.329836000000141e-05
6.32985950000014e-05
6.32988300000014e-05
6.32990650000014e-05
6.33760350000014e-05
6.34125900000014e-05
6.34128250000014e-05
6.34130600000014e-05
6.34132950000014e-05
6.341353000000139e-05
6.341376500000139e-05
6.341400000000138e-05
6.341423500000138e-05
6.341447000000137e-05
6.341470500000137e-05
6.341494000000137e-05
6.341517500000136e-05
6.350834500000136e-05
6.355930000000136e-05
6.355953500000135e-05
6.355977000000135e-05
6.360246500000135e-05
6.365539500000135e-05
6.368483000000135e-05
6.368506500000135e-05
6.375296000000135e-05
6.378943500000135e-05
6.386633000000135e-05
6.390280500000135e-05
6.390304000000135e-05
6.390327500000134e-05
6.392079000000134e-05
6.392846500000134e-05
6.392870000000134e-05
6.392893500000133e-05
6.392917000000133e-05
6.392940500000133e-05
6.392964000000132e-05
6.392987500000132e-05
6.393011000000131e-05
6.393034500000131e-05
6.393058000000131e-05
6.39308150000013e-05
6.39310500000013e-05
6.39312850000013e-05
6.44656350000013e-05
6.47039500000013e-05
6.470418500000129e-05
6.470442000000129e-05
6.470465500000128e-05
6.510575000000128e-05
6.525758500000128e-05
6.525782000000128e-05
6.535099000000128e-05
6.540194500000127e-05
6.540218000000127e-05
6.567707500000127e-05
6.582875000000128e-05
6.582898500000128e-05
6.582922000000127e-05
6.582945500000127e-05
6.582969000000126e-05
6.582992500000126e-05
6.583016000000126e-05
6.583039500000125e-05
6.583063000000125e-05
6.583086500000124e-05
6.602116000000124e-05
6.612963500000125e-05
6.612987000000124e-05
6.613010500000124e-05
6.613034000000124e-05
6.613057500000123e-05
6.656849500000124e-05
6.674185000000124e-05
6.674208500000124e-05
6.674232000000123e-05
6.674255500000123e-05
6.674279000000123e-05
6.674302500000122e-05
6.674326000000122e-05
6.674349500000121e-05
6.674373000000121e-05
6.674396500000121e-05
6.725311500000121e-05
6.747703000000121e-05
6.747726500000121e-05
6.74775000000012e-05
6.753729500000121e-05
6.75665700000012e-05
6.75668050000012e-05
6.75670400000012e-05
6.756727500000119e-05
6.756751000000119e-05
6.756774500000118e-05
6.756798000000118e-05
6.756821500000117e-05
6.799719000000117e-05
6.817062500000117e-05
6.817086000000116e-05
6.817109500000116e-05
6.817133000000116e-05
6.817156500000115e-05
6.817180000000115e-05
6.817203500000114e-05
6.817227000000114e-05
6.817250500000114e-05
6.817274000000113e-05
6.824063500000113e-05
6.827711000000113e-05
6.832875000000112e-05
6.835074500000112e-05
6.835098000000112e-05
6.835121500000112e-05
6.835145000000111e-05
6.835168500000111e-05
6.83519200000011e-05
6.83521550000011e-05
6.83523900000011e-05
6.835262500000109e-05
6.835286000000109e-05
6.835309500000109e-05
6.835333000000108e-05
6.840497000000108e-05
6.842696500000108e-05
6.842720000000107e-05
6.842743500000107e-05
6.847013000000107e-05
6.849220500000107e-05
6.849244000000107e-05
6.849267500000106e-05
6.849291000000106e-05
6.849314500000106e-05
6.849338000000105e-05
6.849361500000105e-05
6.849385000000105e-05
6.849408500000104e-05
6.849432000000104e-05
6.849455500000103e-05
6.849479000000103e-05
6.849502500000103e-05
6.849526000000102e-05
6.849549500000102e-05
6.849573000000101e-05
6.849596500000101e-05
6.8496200000001e-05
6.8496435000001e-05
6.8496670000001e-05
6.8496905000001e-05
6.849714000000099e-05
6.849737500000099e-05
6.891009500000099e-05
6.906905000000099e-05
6.906928500000099e-05
6.906952000000098e-05
6.906975500000098e-05
6.906999000000098e-05
6.907022500000097e-05
6.948294500000098e-05
6.964190000000098e-05
6.964213500000097e-05
6.964237000000097e-05
6.964260500000097e-05
6.964284000000096e-05
6.964307500000096e-05
6.964331000000095e-05
6.964354500000095e-05
6.964378000000095e-05
6.964401500000094e-05
6.964425000000094e-05
6.964448500000093e-05
6.964472000000093e-05
6.964495500000093e-05
6.964519000000092e-05
6.964542500000092e-05
6.964566000000092e-05
6.964589500000091e-05
6.964613000000091e-05
6.96463650000009e-05
6.96466000000009e-05
6.96468350000009e-05
6.964707000000089e-05
6.964730500000089e-05
6.964754000000088e-05
6.964777500000088e-05
6.964801000000088e-05
6.964824500000087e-05
6.964848000000087e-05
6.964871500000086e-05
6.964895000000086e-05
6.968356500000086e-05
6.969844000000087e-05
6.969867500000086e-05
6.969891000000086e-05
6.969914500000086e-05
7.021992000000085e-05
7.045095500000085e-05
7.045119000000085e-05
7.045142500000084e-05
7.045166000000084e-05
7.046917500000084e-05
7.047685000000084e-05
7.047708500000084e-05
7.047732000000083e-05
7.052009000000083e-05
7.054224500000083e-05
7.054248000000082e-05
7.054271500000082e-05
7.054295000000082e-05
7.054318500000081e-05
7.054342000000081e-05
7.05436550000008e-05
7.05438900000008e-05
7.06207850000008e-05
7.06572600000008e-05
7.07000300000008e-05
7.07221850000008e-05
7.07224200000008e-05
7.072265500000079e-05
7.072289000000079e-05
7.072312500000078e-05
7.072336000000078e-05
7.072359500000077e-05
7.072383000000077e-05
7.072406500000077e-05
7.072430000000076e-05
7.072453500000076e-05
7.072477000000075e-05
7.072500500000075e-05
7.072524000000075e-05
7.072547500000074e-05
7.072571000000074e-05
7.072594500000073e-05
7.072618000000073e-05
7.076895000000073e-05
7.079110500000073e-05
7.079134000000072e-05
7.079157500000072e-05
7.079181000000071e-05
7.091910500000071e-05
7.098438000000071e-05
7.098461500000071e-05
7.09848500000007e-05
7.09850850000007e-05
7.09853200000007e-05
7.09855550000007e-05
7.098579000000069e-05
7.098602500000069e-05
7.098626000000068e-05
7.098649500000068e-05
7.098673000000068e-05
7.098696500000067e-05
7.098720000000067e-05
7.098743500000066e-05
7.098767000000066e-05
7.098790500000066e-05
7.098814000000065e-05
7.098837500000065e-05
7.098861000000064e-05
7.098884500000064e-05
7.098908000000064e-05
7.098931500000063e-05
7.098955000000063e-05
7.098978500000062e-05
7.099002000000062e-05
7.099025500000062e-05
7.099049000000061e-05
7.099072500000061e-05
7.108382000000061e-05
7.113469500000061e-05
7.113493000000061e-05
7.11351650000006e-05
7.11354000000006e-05
7.11356350000006e-05
7.113587000000059e-05
7.113610500000059e-05
7.113634000000058e-05
7.161571500000058e-05
7.181795000000059e-05
7.181818500000058e-05
7.181842000000058e-05
7.226991500000058e-05
7.245055000000058e-05
7.245078500000058e-05
7.245102000000057e-05
7.291414000000057e-05
7.310189500000056e-05
7.310213000000056e-05
7.310236500000055e-05
7.389861500000055e-05
7.431693000000055e-05
7.470445000000055e-05
7.484900500000055e-05
7.484924000000055e-05
7.484947500000054e-05
7.484971000000054e-05
7.484994500000053e-05
7.485018000000053e-05
7.485041500000053e-05
7.485065000000052e-05
7.485088500000052e-05
7.485112000000052e-05
7.485135500000051e-05
7.485159000000051e-05
7.48518250000005e-05
7.48520600000005e-05
7.51270300000005e-05
7.52787850000005e-05
7.52790200000005e-05
7.52792550000005e-05
7.527949000000049e-05
7.527972500000049e-05
7.527996000000048e-05
7.528019500000048e-05
7.528043000000047e-05
7.528066500000047e-05
7.528090000000047e-05
7.528113500000046e-05
7.528137000000046e-05
7.528160500000046e-05
7.528184000000045e-05
7.528207500000045e-05
7.528231000000044e-05
7.528254500000044e-05
7.528278000000044e-05
7.528301500000043e-05
7.528325000000043e-05
7.528348500000042e-05
7.528372000000042e-05
7.528395500000042e-05
7.528419000000041e-05
7.528442500000041e-05
7.52846600000004e-05
7.52848950000004e-05
7.52851300000004e-05
7.528536500000039e-05
7.528560000000039e-05
7.528583500000039e-05
7.528607000000038e-05
7.528630500000038e-05
7.528654000000037e-05
7.540573500000037e-05
7.546381000000037e-05
7.546404500000037e-05
7.546428000000037e-05
7.546451500000036e-05
7.546475000000036e-05
7.598290000000035e-05
7.620681500000036e-05
7.620705000000035e-05
7.620728500000035e-05
7.620752000000035e-05
7.620775500000034e-05
7.620799000000034e-05
7.620822500000033e-05
7.620846000000033e-05
7.620869500000033e-05
7.622613500000033e-05
7.623373000000032e-05
7.623396500000032e-05
7.667188500000032e-05
7.684524000000033e-05
7.684547500000032e-05
7.684571000000032e-05
7.684594500000032e-05
7.684618000000031e-05
7.684641500000031e-05
7.68466500000003e-05
7.68640900000003e-05
7.68716850000003e-05
7.68719200000003e-05
7.68721550000003e-05
7.763420500000029e-05
7.80381200000003e-05
7.803835500000029e-05
7.803859000000029e-05
7.803882500000028e-05
7.803906000000028e-05
7.803929500000027e-05
7.803953000000027e-05
7.803976500000027e-05
7.804000000000026e-05
7.804023500000026e-05
7.804047000000025e-05
7.804070500000025e-05
7.804094000000025e-05
7.804117500000024e-05
7.804141000000024e-05
7.804164500000024e-05
7.804188000000023e-05
7.804211500000023e-05
7.804235000000022e-05
7.804258500000022e-05
7.804282000000022e-05
7.804305500000021e-05
7.804329000000021e-05
7.80435250000002e-05
7.80437600000002e-05
7.80439950000002e-05
7.804423000000019e-05
7.804446500000019e-05
7.804470000000018e-05
7.804493500000018e-05
7.804517000000018e-05
7.804540500000017e-05
7.804564000000017e-05
7.804587500000017e-05
7.804611000000016e-05
7.804634500000016e-05
7.804658000000015e-05
7.806402000000015e-05
7.851055500000016e-05
7.869151000000015e-05
7.869174500000015e-05
7.869198000000015e-05
7.869221500000014e-05
7.869245000000014e-05
7.869268500000013e-05
7.869292000000013e-05
7.869315500000013e-05
7.869339000000012e-05
7.869362500000012e-05
7.869386000000011e-05
7.869409500000011e-05
7.869433000000011e-05
7.86945650000001e-05
7.86948000000001e-05
7.86950350000001e-05
7.869527000000009e-05
7.869550500000009e-05
7.869574000000008e-05
7.869597500000008e-05
7.869621000000008e-05
7.869644500000007e-05
7.869668000000007e-05
7.869691500000006e-05
7.869715000000006e-05
7.869738500000006e-05
7.869762000000005e-05
7.869785500000005e-05
7.869809000000004e-05
7.869832500000004e-05
7.869856000000004e-05
7.869879500000003e-05
7.869903000000003e-05
7.869926500000003e-05
7.869950000000002e-05
7.869973500000002e-05
7.869997000000001e-05
7.870020500000001e-05
7.870044e-05
7.8700675e-05
7.870091e-05
7.8701145e-05
7.870137999999999e-05
7.870161499999999e-05
7.870184999999998e-05
7.870208499999998e-05
7.870231999999997e-05
7.870255499999997e-05
7.870278999999997e-05
7.870302499999996e-05
7.870325999999996e-05
7.912955499999996e-05
7.929578999999995e-05
7.929602499999995e-05
7.929625999999994e-05
7.929649499999994e-05
7.929672999999994e-05
7.929696499999993e-05
7.929719999999993e-05
7.929743499999993e-05
7.929766999999992e-05
7.929790499999992e-05
7.929813999999991e-05
7.929837499999991e-05
7.92986099999999e-05
7.935840499999991e-05
7.951691499999991e-05
7.962594999999991e-05
7.962618499999991e-05
7.962641999999991e-05
7.96266549999999e-05
7.96268899999999e-05
7.96271249999999e-05
7.962735999999989e-05
7.962759499999989e-05
7.962782999999988e-05
7.962806499999988e-05
7.962829999999988e-05
7.962853499999987e-05
7.962876999999987e-05
7.962900499999986e-05
7.962923999999986e-05
7.962947499999986e-05
7.962970999999985e-05
7.962994499999985e-05
7.984543999999985e-05
7.996831499999984e-05
7.996854999999984e-05
8.002841999999984e-05
8.005777499999984e-05
8.009238999999984e-05
8.010726499999985e-05
8.010749999999984e-05
8.010773499999984e-05
8.010796999999983e-05
8.010820499999983e-05
8.010843999999983e-05
8.010867499999982e-05
8.010890999999982e-05
8.010914499999982e-05
8.010937999999981e-05
8.010961499999981e-05
8.01098499999998e-05
8.01100849999998e-05
8.01103199999998e-05
8.011055499999979e-05
8.011078999999979e-05
8.011102499999978e-05
8.011125999999978e-05
8.011149499999978e-05
8.011172999999977e-05
8.011196499999977e-05
8.011219999999976e-05
8.011243499999976e-05
8.011266999999976e-05
8.011290499999975e-05
8.011313999999975e-05
8.011337499999975e-05
8.011360999999974e-05
8.011384499999974e-05
8.011407999999973e-05
8.011431499999973e-05
8.011454999999973e-05
8.011478499999972e-05
8.011501999999972e-05
8.011525499999971e-05
8.011548999999971e-05
8.01157249999997e-05
8.01159599999997e-05
8.01161949999997e-05
8.01507349999997e-05
8.01655299999997e-05
8.01657649999997e-05
8.016599999999969e-05
8.016623499999969e-05
8.016646999999969e-05
8.016670499999968e-05
8.016693999999968e-05
8.016717499999967e-05
8.016740999999967e-05
8.016764499999967e-05
8.016787999999966e-05
8.016811499999966e-05
8.016834999999965e-05
8.016858499999965e-05
8.016881999999965e-05
8.016905499999964e-05
8.016928999999964e-05
8.016952499999963e-05
8.016975999999963e-05
8.016999499999963e-05
8.017022999999962e-05
8.017046499999962e-05
8.017069999999962e-05
8.017093499999961e-05
8.069628499999961e-05
8.111770499999961e-05
8.137057999999961e-05
8.13708149999996e-05
8.13710499999996e-05
8.17837699999996e-05
8.205912999999961e-05
8.222544499999961e-05
8.22256799999996e-05
8.266359999999961e-05
8.283695499999962e-05
8.285439499999962e-05
8.286198999999961e-05
8.286222499999961e-05
8.28624599999996e-05
8.28626949999996e-05
8.28629299999996e-05
8.28631649999996e-05
8.286339999999959e-05
8.286363499999959e-05
8.286386999999958e-05
8.286410499999958e-05
8.286433999999957e-05
8.286457499999957e-05
8.369507499999957e-05
8.404138999999957e-05
8.407592999999957e-05
8.450348999999957e-05
8.467716499999957e-05
8.467739999999957e-05
8.467763499999957e-05
8.467786999999956e-05
8.467810499999956e-05
8.469554499999956e-05
8.470313999999955e-05
8.470337499999955e-05
8.470360999999955e-05
8.470384499999954e-05
8.470407999999954e-05
8.470431499999953e-05
8.470454999999953e-05
8.472206499999953e-05
8.472973999999953e-05
8.472997499999953e-05
8.473020999999952e-05
8.473044499999952e-05
8.473067999999952e-05
8.473091499999951e-05
8.473114999999951e-05
8.516906999999951e-05
8.534242499999952e-05
8.534265999999951e-05
8.534289499999951e-05
8.534312999999951e-05
8.53433649999995e-05
8.53435999999995e-05
8.53438349999995e-05
8.534406999999949e-05
8.534430499999949e-05
8.575702499999949e-05
8.591597999999949e-05
8.591621499999949e-05
8.600930999999949e-05
8.606018499999949e-05
8.607762499999949e-05
8.608521999999949e-05
8.610273499999949e-05
8.611040999999949e-05
8.611064499999948e-05
8.611087999999948e-05
8.611111499999948e-05
8.611134999999947e-05
8.611158499999947e-05
8.611181999999946e-05
8.611205499999946e-05
8.611228999999946e-05
8.611252499999945e-05
8.659647499999945e-05
8.680598999999945e-05
8.680622499999945e-05
8.680645999999944e-05
8.680669499999944e-05
8.680692999999944e-05
8.680716499999943e-05
8.680739999999943e-05
8.680763499999943e-05
8.680786999999942e-05
8.680810499999942e-05
8.680833999999941e-05
8.680857499999941e-05
8.685126999999941e-05
8.687334499999941e-05
8.687357999999941e-05
8.68738149999994e-05
8.68740499999994e-05
8.68742849999994e-05
8.68745199999994e-05
8.687475499999939e-05
8.687498999999939e-05
8.687522499999938e-05
8.687545999999938e-05
8.687569499999938e-05
8.687592999999937e-05
8.687616499999937e-05
8.687639999999936e-05
8.691093999999937e-05
8.692573499999937e-05
8.692596999999936e-05
8.692620499999936e-05
8.692643999999935e-05
8.692667499999935e-05
8.692690999999935e-05
8.694434999999935e-05
8.695194499999934e-05
8.695217999999934e-05
8.695241499999933e-05
8.695264999999933e-05
8.695288499999933e-05
8.695311999999932e-05
8.695335499999932e-05
8.697086999999932e-05
8.697854499999932e-05
8.697877999999932e-05
8.697901499999931e-05
8.697924999999931e-05
8.69794849999993e-05
8.69797199999993e-05
8.69799549999993e-05
8.698018999999929e-05
8.698042499999929e-05
8.698065999999928e-05
8.698089499999928e-05
8.698112999999928e-05
8.698136499999927e-05
8.876883499999927e-05
8.975626999999927e-05
8.975650499999927e-05
8.975673999999926e-05
8.975697499999926e-05
8.975720999999926e-05
8.975744499999925e-05
8.985053999999925e-05
8.990141499999926e-05
8.991885499999926e-05
8.992644999999925e-05
8.994396499999925e-05
8.995163999999925e-05
8.995187499999925e-05
8.995210999999924e-05
8.995234499999924e-05
8.995257999999924e-05
8.995281499999923e-05
8.995304999999923e-05
8.995328499999922e-05
8.995351999999922e-05
8.995375499999922e-05
8.995398999999921e-05
8.995422499999921e-05
8.99544599999992e-05
8.99546949999992e-05
8.99549299999992e-05
8.99551649999992e-05
8.995539999999919e-05
8.995563499999919e-05
8.995586999999918e-05
8.995610499999918e-05
8.995633999999917e-05
8.995657499999917e-05
8.995680999999917e-05
8.999950499999916e-05
9.002157999999917e-05
9.002181499999917e-05
9.002204999999916e-05
9.002228499999916e-05
9.002251999999916e-05
9.002275499999915e-05
9.002298999999915e-05
9.002322499999914e-05
9.002345999999914e-05
9.002369499999914e-05
9.002392999999913e-05
9.002416499999913e-05
9.002439999999912e-05
9.002463499999912e-05
9.005917499999912e-05
9.007396999999912e-05
9.007420499999912e-05
9.007443999999911e-05
9.007467499999911e-05
9.015156999999912e-05
9.018804499999911e-05
9.018827999999911e-05
9.01885149999991e-05
9.01887499999991e-05
9.01889849999991e-05
9.01892199999991e-05
9.018945499999909e-05
9.018968999999909e-05
9.057720999999909e-05
9.072176499999909e-05
9.072199999999908e-05
9.072223499999908e-05
9.072246999999907e-05
9.113518999999908e-05
9.129414499999908e-05
9.129437999999907e-05
9.129461499999907e-05
9.129484999999907e-05
9.129508499999906e-05
9.129531999999906e-05
9.129555499999906e-05
9.129578999999905e-05
9.129602499999905e-05
9.129625999999904e-05
9.131369999999904e-05
9.132129499999904e-05
9.132152999999904e-05
9.132176499999903e-05
9.132199999999903e-05
9.133951499999903e-05
9.134718999999903e-05
9.134742499999902e-05
9.134765999999902e-05
9.134789499999902e-05
9.134812999999901e-05
9.134836499999901e-05
9.1348599999999e-05
9.1919774999999e-05
9.2179609999999e-05
9.2179844999999e-05
9.218007999999899e-05
9.218031499999899e-05
9.218054999999898e-05
9.218078499999898e-05
9.218101999999898e-05
9.218125499999897e-05
9.218148999999897e-05
9.218172499999896e-05
9.218195999999896e-05
9.219939999999896e-05
9.220699499999896e-05
9.274396999999896e-05
9.298940499999896e-05
9.298963999999896e-05
9.298987499999896e-05
9.299010999999895e-05
9.299034499999895e-05
9.299057999999895e-05
9.299081499999894e-05
9.299104999999894e-05
9.299128499999893e-05
9.299151999999893e-05
9.299175499999893e-05
9.299198999999892e-05
9.300942999999892e-05
9.301702499999892e-05
9.301725999999891e-05
9.301749499999891e-05
9.30177299999989e-05
9.30179649999989e-05
9.30181999999989e-05
9.30356399999989e-05
9.30432349999989e-05
9.304346999999889e-05
9.304370499999889e-05
9.306114499999889e-05
9.306873999999888e-05
9.311143499999888e-05
9.313350999999889e-05
9.313374499999888e-05
9.313397999999888e-05
9.313421499999888e-05
9.313444999999887e-05
9.313468499999887e-05
9.313491999999886e-05
9.313515499999886e-05
9.313538999999886e-05
9.313562499999885e-05
9.313585999999885e-05
9.313609499999885e-05
9.313632999999884e-05
9.313656499999884e-05
9.313679999999883e-05
9.313703499999883e-05
9.332732999999883e-05
9.343580499999883e-05
9.343603999999883e-05
9.343627499999882e-05
9.343650999999882e-05
9.343674499999882e-05
9.343697999999881e-05
9.345441999999881e-05
9.346201499999881e-05
9.34622499999988e-05
9.34624849999988e-05
9.34627199999988e-05
9.34629549999988e-05
9.346318999999879e-05
9.346342499999879e-05
9.346365999999878e-05
9.346389499999878e-05
9.346412999999877e-05
9.346436499999877e-05
9.346459999999877e-05
9.346483499999876e-05
9.346506999999876e-05
9.346530499999875e-05
9.346553999999875e-05
9.346577499999875e-05
9.346600999999874e-05
9.346624499999874e-05
9.346647999999874e-05
9.348391999999874e-05
9.349151499999873e-05
9.349174999999873e-05
9.349198499999872e-05
9.349221999999872e-05
9.349245499999872e-05
9.349268999999871e-05
9.349292499999871e-05
9.34931599999987e-05
9.34933949999987e-05
9.34936299999987e-05
9.349386499999869e-05
9.349409999999869e-05
9.349433499999868e-05
9.349456999999868e-05
9.349480499999868e-05
9.349503999999867e-05
9.349527499999867e-05
9.349550999999867e-05
9.349574499999866e-05
9.349597999999866e-05
9.349621499999865e-05
9.349644999999865e-05
9.349668499999865e-05
9.349691999999864e-05
9.349715499999864e-05
9.349738999999863e-05
9.349762499999863e-05
9.349785999999863e-05
9.349809499999862e-05
9.349832999999862e-05
9.349856499999861e-05
9.349879999999861e-05
9.349903499999861e-05
9.34992699999986e-05
9.34995049999986e-05
9.34997399999986e-05
9.349997499999859e-05
9.350020999999859e-05
9.350044499999858e-05
9.350067999999858e-05
9.350091499999858e-05
9.350114999999857e-05
9.350138499999857e-05
9.350161999999856e-05
9.350185499999856e-05
9.350208999999856e-05
9.350232499999855e-05
9.350255999999855e-05
9.350279499999854e-05
9.350302999999854e-05
9.350326499999854e-05
9.350349999999853e-05
9.350373499999853e-05
9.350396999999853e-05
9.350420499999852e-05
9.350443999999852e-05
9.350467499999851e-05
9.350490999999851e-05
9.35051449999985e-05
9.35053799999985e-05
9.35056149999985e-05
9.35058499999985e-05
9.350608499999849e-05
9.350631999999849e-05
9.350655499999848e-05
9.350678999999848e-05
9.350702499999847e-05
9.350725999999847e-05
9.350749499999847e-05
9.350772999999846e-05
9.350796499999846e-05
9.350819999999846e-05
9.350843499999845e-05
9.350866999999845e-05
9.350890499999844e-05
9.350913999999844e-05
9.350937499999844e-05
9.350960999999843e-05
9.350984499999843e-05
9.351007999999842e-05
9.351031499999842e-05
9.351054999999842e-05
9.351078499999841e-05
9.351101999999841e-05
9.35112549999984e-05
9.35114899999984e-05
9.35117249999984e-05
9.351195999999839e-05
9.351219499999839e-05
9.351242999999839e-05
9.351266499999838e-05
9.351289999999838e-05
9.351313499999837e-05
9.351336999999837e-05
9.351360499999837e-05
9.351383999999836e-05
9.351407499999836e-05
9.351430999999835e-05
9.351454499999835e-05
9.351477999999835e-05
9.351501499999834e-05
9.351524999999834e-05
9.351548499999833e-05
9.351571999999833e-05
9.351595499999833e-05
9.351618999999832e-05
9.351642499999832e-05
9.351665999999832e-05
9.351689499999831e-05
9.351712999999831e-05
9.35173649999983e-05
9.35175999999983e-05
9.35178349999983e-05
9.351806999999829e-05
9.351830499999829e-05
9.351853999999828e-05
9.351877499999828e-05
9.351900999999828e-05
9.351924499999827e-05
9.351947999999827e-05
9.351971499999826e-05
9.351994999999826e-05
9.352018499999826e-05
9.352041999999825e-05
9.352065499999825e-05
9.352088999999825e-05
9.352112499999824e-05
9.352135999999824e-05
9.352159499999823e-05
9.352182999999823e-05
9.352206499999823e-05
9.352229999999822e-05
9.352253499999822e-05
9.352276999999821e-05
9.352300499999821e-05
9.35232399999982e-05
9.35234749999982e-05
9.35237099999982e-05
9.35239449999982e-05
9.352417999999819e-05
9.352441499999819e-05
9.352464999999818e-05
9.352488499999818e-05
9.352511999999818e-05
9.352535499999817e-05
9.352558999999817e-05
9.352582499999816e-05
9.352605999999816e-05
9.352629499999816e-05
9.357793499999815e-05
9.359992999999815e-05
9.360016499999815e-05
9.360039999999814e-05
9.360063499999814e-05
9.372800499999814e-05
9.379335999999814e-05
9.379359499999814e-05
9.379382999999813e-05
9.379406499999813e-05
9.379429999999813e-05
9.379453499999812e-05
9.379476999999812e-05
9.379500499999812e-05
9.379523999999811e-05
9.379547499999811e-05
9.37957099999981e-05
9.37959449999981e-05
9.37961799999981e-05
9.379641499999809e-05
9.379664999999809e-05
9.379688499999808e-05
9.379711999999808e-05
9.379735499999808e-05
9.379758999999807e-05
9.379782499999807e-05
9.379805999999806e-05
9.379829499999806e-05
9.379852999999806e-05
9.379876499999805e-05
9.379899999999805e-05
9.379923499999805e-05
9.379946999999804e-05
9.379970499999804e-05
9.379993999999803e-05
9.380017499999803e-05
9.380040999999803e-05
9.380064499999802e-05
9.380087999999802e-05
9.380111499999801e-05
9.380134999999801e-05
9.3801584999998e-05
9.3801819999998e-05
9.3802054999998e-05
9.3802289999998e-05
9.380252499999799e-05
9.380275999999799e-05
9.380299499999798e-05
9.380322999999798e-05
9.380346499999798e-05
9.380369999999797e-05
9.380393499999797e-05
9.380416999999796e-05
9.380440499999796e-05
9.380463999999796e-05
9.380487499999795e-05
9.380510999999795e-05
9.380534499999794e-05
9.380557999999794e-05
9.380581499999794e-05
9.380604999999793e-05
9.380628499999793e-05
9.380651999999792e-05
9.380675499999792e-05
9.382419499999792e-05
9.383178999999792e-05
9.383202499999791e-05
9.383225999999791e-05
9.38324949999979e-05
9.38327299999979e-05
9.38329649999979e-05
9.38331999999979e-05
9.383343499999789e-05
9.383366999999789e-05
9.383390499999788e-05
9.383413999999788e-05
9.383437499999787e-05
9.383460999999787e-05
9.383484499999787e-05
9.383507999999786e-05
9.383531499999786e-05
9.383554999999786e-05
9.383578499999785e-05
9.383601999999785e-05
9.383625499999784e-05
9.383648999999784e-05
9.383672499999784e-05
9.383695999999783e-05
9.383719499999783e-05
9.383742999999782e-05
9.383766499999782e-05
9.383789999999782e-05
9.383813499999781e-05
9.383836999999781e-05
9.38386049999978e-05
9.38388399999978e-05
9.38390749999978e-05
9.383930999999779e-05
9.383954499999779e-05
9.383977999999779e-05
9.384001499999778e-05
9.384024999999778e-05
9.384048499999777e-05
9.384071999999777e-05
9.384095499999777e-05
9.384118999999776e-05
9.384142499999776e-05
9.384165999999775e-05
9.384189499999775e-05
9.384212999999775e-05
9.384236499999774e-05
9.384259999999774e-05
9.384283499999773e-05
9.384306999999773e-05
9.384330499999773e-05
9.384353999999772e-05
9.386097999999772e-05
9.386857499999772e-05
9.386880999999772e-05
9.386904499999771e-05
9.386927999999771e-05
9.38695149999977e-05
9.38697499999977e-05
9.38699849999977e-05
9.387021999999769e-05
9.387045499999769e-05
9.387068999999768e-05
9.387092499999768e-05
9.387115999999768e-05
9.387139499999767e-05
9.387162999999767e-05
9.387186499999766e-05
9.387209999999766e-05
9.387233499999766e-05
9.387256999999765e-05
9.387280499999765e-05
9.387303999999765e-05
9.387327499999764e-05
9.387350999999764e-05
9.387374499999763e-05
9.387397999999763e-05
9.387421499999763e-05
9.387444999999762e-05
9.387468499999762e-05
9.387491999999761e-05
9.387515499999761e-05
9.38753899999976e-05
9.38756249999976e-05
9.38758599999976e-05
9.38760949999976e-05
9.387632999999759e-05
9.387656499999759e-05
9.387679999999758e-05
9.387703499999758e-05
9.387726999999758e-05
9.387750499999757e-05
9.387773999999757e-05
9.387797499999756e-05
9.387820999999756e-05
9.387844499999756e-05
9.387867999999755e-05
9.387891499999755e-05
9.387914999999754e-05
9.387938499999754e-05
9.387961999999754e-05
9.387985499999753e-05
9.388008999999753e-05
9.388032499999752e-05
9.388055999999752e-05
9.388079499999752e-05
9.388102999999751e-05
9.388126499999751e-05
9.38814999999975e-05
9.38817349999975e-05
9.38819699999975e-05
9.38822049999975e-05
9.388243999999749e-05
9.388267499999749e-05
9.388290999999748e-05
9.388314499999748e-05
9.388337999999747e-05
9.388361499999747e-05
9.388384999999747e-05
9.388408499999746e-05
9.388431999999746e-05
9.388455499999745e-05
9.388478999999745e-05
9.388502499999745e-05
9.388525999999744e-05
9.388549499999744e-05
9.388572999999744e-05
9.388596499999743e-05
9.388619999999743e-05
9.388643499999742e-05
9.388666999999742e-05
9.388690499999742e-05
9.388713999999741e-05
9.388737499999741e-05
9.38876099999974e-05
9.38878449999974e-05
9.38880799999974e-05
9.388831499999739e-05
9.388854999999739e-05
9.388878499999738e-05
9.388901999999738e-05
9.388925499999738e-05
9.388948999999737e-05
9.388972499999737e-05
9.388995999999737e-05
9.389019499999736e-05
9.389042999999736e-05
9.389066499999735e-05
9.389089999999735e-05
9.389113499999735e-05
9.389136999999734e-05
9.389160499999734e-05
9.389183999999733e-05
9.389207499999733e-05
9.389230999999733e-05
9.389254499999732e-05
9.389277999999732e-05
9.389301499999731e-05
9.389324999999731e-05
9.389348499999731e-05
9.38937199999973e-05
9.38939549999973e-05
9.38941899999973e-05
9.389442499999729e-05
9.389465999999729e-05
9.389489499999728e-05
9.389512999999728e-05
9.389536499999728e-05
9.389559999999727e-05
9.389583499999727e-05
9.389606999999726e-05
9.389630499999726e-05
9.389653999999726e-05
9.389677499999725e-05
9.389700999999725e-05
9.389724499999724e-05
9.389747999999724e-05
9.389771499999724e-05
9.389794999999723e-05
9.389818499999723e-05
9.389841999999723e-05
9.389865499999722e-05
9.389888999999722e-05
9.389912499999721e-05
9.389935999999721e-05
9.38995949999972e-05
9.38998299999972e-05
9.39000649999972e-05
9.39002999999972e-05
9.390053499999719e-05
9.390076999999719e-05
9.390100499999718e-05
9.390123999999718e-05
9.390147499999717e-05
9.390170999999717e-05
9.390194499999717e-05
9.390217999999716e-05
9.390241499999716e-05
9.391985499999716e-05
9.392744999999716e-05
9.397908999999715e-05
9.400108499999715e-05
9.400131999999715e-05
9.403585999999715e-05
9.405065499999715e-05
9.405088999999714e-05
9.405112499999714e-05
9.405135999999714e-05
9.405159499999713e-05
9.405182999999713e-05
9.405206499999712e-05
9.413705999999713e-05
9.418073499999713e-05
9.418096999999712e-05
9.418120499999712e-05
9.418143999999712e-05
9.418167499999711e-05
9.425048999999711e-05
9.42797649999971e-05
9.42799999999971e-05
9.42802349999971e-05
9.439942999999709e-05
9.451093499999709e-05
9.457644999999709e-05
9.457668499999708e-05
9.483455499999708e-05
9.497910999999708e-05
9.497934499999708e-05
9.497957999999707e-05
9.497981499999707e-05
9.498004999999706e-05
9.498028499999706e-05
9.498051999999706e-05
9.498075499999705e-05
9.498098999999705e-05
9.498122499999705e-05
9.498145999999704e-05
9.498169499999704e-05
9.498192999999703e-05
9.498216499999703e-05
9.498239999999703e-05
9.498263499999702e-05
9.560604499999702e-05
9.592355999999703e-05
9.592379499999702e-05
9.592402999999702e-05
9.592426499999702e-05
9.605965999999702e-05
9.613213499999701e-05
9.613236999999701e-05
9.613260499999701e-05
9.6132839999997e-05
9.6133074999997e-05
9.6133309999997e-05
9.613354499999699e-05
9.613377999999699e-05
9.613401499999698e-05
9.613424999999698e-05
9.613448499999698e-05
9.613471999999697e-05
9.613495499999697e-05
9.660270499999697e-05
9.679781999999697e-05
9.679805499999697e-05
9.679828999999696e-05
9.679852499999696e-05
9.679875999999695e-05
9.679899499999695e-05
9.679922999999695e-05
9.679946499999694e-05
9.679969999999694e-05
9.679993499999693e-05
9.680016999999693e-05
9.680040499999693e-05
9.680063999999692e-05
9.680087499999692e-05
9.680110999999691e-05
9.680134499999691e-05
9.680157999999691e-05
9.68018149999969e-05
9.68020499999969e-05
9.69465199999969e-05
9.70190749999969e-05
9.701930999999689e-05
9.701954499999689e-05
9.701977999999688e-05
9.702001499999688e-05
9.702024999999688e-05
9.702048499999687e-05
9.702071999999687e-05
9.702095499999686e-05
9.702118999999686e-05
9.702142499999686e-05
9.702165999999685e-05
9.702189499999685e-05
9.715728999999685e-05
9.722976499999685e-05
9.722999999999684e-05
9.723023499999684e-05
9.723046999999684e-05
9.723070499999683e-05
9.723093999999683e-05
9.723117499999683e-05
9.723140999999682e-05
9.723164499999682e-05
9.723187999999681e-05
9.723211499999681e-05
9.72323499999968e-05
9.72325849999968e-05
9.72328199999968e-05
9.72330549999968e-05
9.730186999999679e-05
9.733114499999679e-05
9.814359499999678e-05
9.857630999999678e-05
9.857654499999678e-05
9.857677999999677e-05
9.857701499999677e-05
9.857724999999677e-05
9.916645999999677e-05
9.946957499999677e-05
9.946980999999677e-05
9.947004499999677e-05
9.947027999999676e-05
9.947051499999676e-05
9.947074999999675e-05
9.947098499999675e-05
9.947121999999675e-05
9.947145499999674e-05
9.947168999999674e-05
9.947192499999673e-05
9.947215999999673e-05
9.947239499999673e-05
9.947262999999672e-05
9.947286499999672e-05
9.947309999999671e-05
9.947333499999671e-05
9.947356999999671e-05
9.94738049999967e-05
9.94740399999967e-05
9.94742749999967e-05
0.00010008058499999669
0.0001003908999999967
0.00010039113499999669
0.00010039136999999669
0.00010039160499999668
0.00010039183999999668
0.00010039207499999668
0.00010039230999999667
0.00010052777999999667
0.00010113937999999667
0.00010166687999999667
0.00010221803999999667
0.00010255075499999667
0.00010255098999999667
0.00010255122499999666
0.00010255145999999666
0.00010255169499999665
0.00010261966499999665
0.00010265621999999666
0.00010265645499999665
0.00010265668999999665
0.00010265692499999664
0.00010265715999999664
0.00010265739499999664
0.00010265762999999663
0.00010265786499999663
0.00010265809999999662
0.00010265833499999662
0.00010350240999999663
0.00010385600499999662
0.00010385623999999662
0.00010385647499999661
0.00010385670999999661
0.0001038569449999966
0.0001038571799999966
0.0001039088199999966
0.0001039308149999966
0.0001047613149999966
0.0001051076299999966
0.00010510786499999659
0.00010510809999999659
0.00010510833499999659
0.00010510856999999658
0.00010510880499999658
0.00010520189999999658
0.00010525277499999658
0.00010525300999999658
0.00010525324499999657
0.00010525347999999657
0.00010525371499999656
0.00010566643499999657
0.00010582538999999657
0.00010584282999999657
0.00010585042499999656
0.00010585065999999656
0.00010588519999999656
0.00010597775499999657
0.00010603614999999657
0.00010603638499999656
0.00010603661999999656
0.00010643771499999656
0.00010673570499999656
0.00010730795999999656
0.00010775595499999656
0.00010775618999999656
0.00010777370499999656
0.00010778137999999656
0.00010897196999999656
0.00010962084499999655
0.00010962107999999655
0.00010962131499999655
0.00010962154999999654
0.00010962178499999654
0.00010962201999999653
0.00010962225499999653
0.00010969922499999653
0.00010973577999999654
0.00010977031999999654
0.00010978511499999654
0.00010989530999999654
0.00010995338499999655
0.00010995361999999654
0.00010997113499999654
0.00010997880999999654
0.00011003860499999654
0.00011006787999999654
0.00011006811499999654
0.00011006834999999653
0.00011008578999999653
0.00011011518999999653
0.00011013014499999652
0.00011013037999999652
0.00011013061499999652
0.00011013084999999651
0.00011013108499999651
0.0001101313199999965
0.0001101315549999965
0.0001101317899999965
0.0001101320249999965
0.00011013225999999649
0.00011013249499999649
0.00011018413499999648
0.00011020612999999648
0.00011020636499999648
0.00011020659999999647
0.00011020683499999647
0.00011123538999999646
0.00011172578499999646
0.00011172601999999646
0.00011177765999999645
0.00011227541999999646
0.00011249229499999646
0.00011249252999999645
0.00011249276499999645
0.00011249299999999644
0.00011249323499999644
0.00011249346999999644
0.00011252800999999644
0.00011256910999999644
0.00011259126499999644
0.00011264290499999643
0.00011266489999999644
0.00011266513499999643
0.00011273302999999643
0.00011276950499999643
0.00011280404499999643
0.00011281883999999643
0.00011281907499999643
0.00011281930999999642
0.00011281954499999642
0.00011281977999999641
0.00011282001499999641
0.0001128202499999964
0.0001128204849999964
0.0001128207199999964
0.0001128209549999964
0.00011282118999999639
0.00011282142499999639
0.00011282165999999638
0.00011282189499999638
0.00011282212999999638
0.00011282236499999637
0.00011282259999999637
0.00011288246999999637
0.00011291182499999637
0.00011291205999999636
0.00011291229499999636
0.00011291252999999636
0.00011291276499999635
0.00011296440499999635
0.00011298639999999635
0.00011298663499999634
0.00011298686999999634
0.00011302140999999634
0.00011303620499999634
0.00011342372499999635
0.00011356827999999634
0.00011366137499999634
0.00011371224999999634
0.00011371248499999634
0.00011371271999999634
0.00011375541499999633
0.00011377748999999634
0.00011416500999999634
0.00011430956499999634
0.00011430979999999634
0.00011431003499999633
0.00011431026999999633
0.00011431050499999632
0.00011431073999999632
0.00011431097499999632
0.00011432841499999632
0.00011433600999999631
0.00011433624499999631
0.0001143364799999963
0.0001143367149999963
0.0001143369499999963
0.00011433718499999629
0.00011433741999999629
0.00011433765499999628
0.00011433788999999628
0.00011433812499999628
0.00011437266499999628
0.00011438745999999628
0.00011477497999999628
0.00011491953499999628
0.00011491976999999627
0.00011492000499999627
0.00011492023999999627
0.00011492047499999626
0.00011492070999999626
0.00011492094499999626
0.00011492117999999625
0.00011492141499999625
0.00011492164999999624
0.00011492188499999624
0.00011492211999999624
0.00011492235499999623
0.00011492258999999623
0.00011492282499999622
0.00011492305999999622
0.00011492329499999622
0.00011492352999999621
0.00011492376499999621
0.0001149239999999962
0.0001149242349999962
0.0001149244699999962
0.0001149419099999962
0.0001149495049999962
0.0001150092999999962
0.00011503857499999619
0.00011503880999999619
0.00011503904499999618
0.00011547696499999619
0.00011565031999999619
0.00011565055499999619
0.00011611367499999618
0.00011630142999999618
0.00011630166499999617
0.00011630189999999617
0.00011630213499999617
0.00011630236999999616
0.00011630260499999616
0.00011632004499999616
0.00011632763999999615
0.00011632787499999615
0.00011632810999999615
0.00011632834499999614
0.00011632857999999614
0.00011632881499999614
0.00011632904999999613
0.00011632928499999613
0.00011632951999999612
0.00011632975499999612
0.00011632998999999612
0.00011633022499999611
0.00011633045999999611
0.0001163306949999961
0.0001163309299999961
0.0001163311649999961
0.00011633139999999609
0.00011633163499999609
0.00011633186999999608
0.00011633210499999608
0.00011633233999999608
0.00011638397999999607
0.00011640597499999607
0.00011640620999999607
0.00011640644499999606
0.00011640667999999606
0.00011640691499999606
0.00011640714999999605
0.00011640738499999605
0.00011640761999999604
0.00011640785499999604
0.00011640808999999604
0.00011640832499999603
0.00011640855999999603
0.00011640879499999602
0.00011640902999999602
0.00011640926499999602
0.00011646090499999601
0.00011648289999999601
0.00011648313499999601
0.000116483369999996
0.000116483604999996
0.000116483839999996
0.00011648407499999599
0.00011648430999999599
0.00011648454499999598
0.00011689726499999599
0.00011705621999999599
0.00011705645499999599
0.00011705668999999598
0.00011705692499999598
0.00011750841999999598
0.00011768905499999598
0.00011768928999999597
0.00011768952499999597
0.00011768975999999596
0.00011768999499999596
0.00011769022999999596
0.00011769046499999595
0.00011769069999999595
0.00011769093499999595
0.00011769116999999594
0.00011770860999999594
0.00011771620499999594
0.00011771643999999593
0.00011773395499999593
0.00011774162999999593
0.00011774186499999593
0.00011775930499999593
0.00011776689999999593
0.00011787709499999593
0.00011793516999999593
0.00011793540499999593
0.00011793563999999593
0.00011793587499999592
0.00011797856999999592
0.00011800064499999593
0.00011800087999999592
0.00011800111499999592
0.00011800134999999592
0.00011800158499999591
0.00011800181999999591
0.0001180020549999959
0.0001180022899999959
0.0001180025249999959
0.00011800275999999589
0.00011800299499999589
0.00011802043499999589
0.00011802802999999588
0.00011802826499999588
0.00011802849999999588
0.00011802873499999587
0.00011802896999999587
0.00011802920499999586
0.00011802943999999586
0.00011802967499999586
0.00011802990999999585
0.00011803014499999585
0.00011803037999999585
0.00011803061499999584
0.00011803084999999584
0.00011803108499999583
0.00011803131999999583
0.00011803155499999583
0.00011803178999999582
0.00011803202499999582
0.00011803225999999581
0.00011803249499999581
0.0001180327299999958
0.0001180329649999958
0.0001180331999999958
0.0001180334349999958
0.00011803366999999579
0.00011803390499999579
0.00011803413999999578
0.00011803437499999578
0.00011803460999999578
0.00011803484499999577
0.00011803507999999577
0.00011803531499999576
0.00011803554999999576
0.00011803578499999576
0.00011803601999999575
0.00011803625499999575
0.00011803648999999574
0.00011803672499999574
0.00011803695999999574
0.00011803719499999573
0.00011803742999999573
0.00011803766499999572
0.00011803789999999572
0.00011803813499999572
0.00011803836999999571
0.00011803860499999571
0.0001180388399999957
0.0001180390749999957
0.0001180393099999957
0.0001180395449999957
0.0001180569849999957
0.00011806457999999569
0.00011806481499999569
0.00011806504999999568
0.00011806528499999568
0.00011806551999999567
0.00011806575499999567
0.00011806598999999567
0.00011806622499999566
0.00011806645999999566
0.00011806669499999566
0.00011806692999999565
0.00011806716499999565
0.00011806739999999564
0.00011806763499999564
0.00011806786999999564
0.00011806810499999563
0.00011806833999999563
0.00011806857499999562
0.00011806880999999562
0.00011806904499999562
0.00011853216499999561
0.0001187199199999956
0.0001187201549999956
0.0001188133249999956
0.0001188642799999956
0.0001188817199999956
0.00011888931499999559
0.00011888954999999559
0.00011888978499999558
0.00011889001999999558
0.00011889025499999557
0.00011889048999999557
0.00011889072499999557
0.00011889095999999556
0.00011932887999999557
0.00011950223499999557
0.00011950246999999557
0.00011950270499999557
0.00011995687999999556
0.00012014471499999556
0.00012014494999999556
0.00012014518499999556
0.00012014541999999555
0.00012014565499999555
0.00012014588999999554
0.00012014612499999554
0.00012014635999999554
0.00012014659499999553
0.00012014682999999553
0.00012014706499999553
0.00012014729999999552
0.00012014753499999552
0.00012014776999999551
0.00012014800499999551
0.0001201482399999955
0.0001201484749999955
0.0001201487099999955
0.0001201489449999955
0.00012014917999999549
0.00012014941499999549
0.00012014964999999548
0.00012014988499999548
0.00012015011999999547
0.00012015035499999547
0.00012015058999999547
0.00012016802999999547
0.00012017562499999546
0.00012063874499999546
0.00012082649999999545
0.00012082673499999545
0.00012123945499999545
0.00012139840999999545
0.00012139864499999545
0.00012139887999999545
0.00012181159999999545
0.00012268599999999544
0.00012488498999999544
0.00012659498499999544
0.00012659521999999545
0.00012659545499999546
0.00012705857499999547
0.00012724632999999548
0.0001272465649999955
0.0001272467999999955
0.0001272470349999955
0.00012724726999999552
0.00012724750499999553
0.00012724773999999554
0.00012724797499999554
0.00012724820999999555
0.00012724844499999556
0.00012724867999999557
0.00012724891499999558
0.0001272491499999956
0.0001272493849999956
0.0001272496199999956
0.00012724985499999562
0.00012725008999999563
0.00012725032499999564
0.00012725055999999565
0.00012732752999999566
0.00012736408499999566
0.00012736431999999567
0.00012736455499999568
0.0001273647899999957
0.00012790813999999568
0.00012814645499999568
0.0001281466899999957
0.0001281469249999957
0.0001281643649999957
0.0001281719599999957
0.00012817219499999572
0.00012817242999999573
0.00012817266499999574
0.00012858538499999574
0.00012874433999999574
0.00012874457499999575
0.00012874480999999576
0.00012874504499999577
0.00012874527999999578
0.0001287455149999958
0.0001287457499999958
0.0001287459849999958
0.00012874621999999582
0.00012874645499999583
0.00012874668999999584
0.00012874692499999585
0.00012874715999999586
0.00012957765999999587
0.00012992397499999586
0.00013049600999999586
0.00013079184499999587
0.00013079207999999588
0.00013079231499999589
0.0001307925499999959
0.0001307927849999959
0.00013079301999999591
0.00013079325499999592
0.00013079348999999593
0.00013079372499999594
0.00013079395999999595
0.00013079419499999596
0.00013079442999999597
0.00013079466499999598
0.000130794899999996
0.000130795134999996
0.000130795369999996
0.00013079560499999602
0.00013079583999999603
0.00013084755499999604
0.00013086962999999603
0.00013086986499999604
0.00013087009999999605
0.00013087033499999606
0.00013087056999999607
0.00013087080499999608
0.0001308710399999961
0.0001308712749999961
0.0001308715099999961
0.00013087174499999612
0.00013133486499999612
0.00013152261999999613
0.00013152285499999614
0.00013152308999999615
0.00013152332499999616
0.00013152355999999617
0.00013152379499999618
0.0001319869149999962
0.0001323090749999962
0.0001325041899999962
0.00013250442499999622
0.00013250465999999623
0.00013250489499999624
0.00013250512999999625
0.00013250536499999626
0.00013250559999999627
0.00013250583499999628
0.00013250606999999629
0.0001325063049999963
0.0001325065399999963
0.00013250677499999632
0.00013250700999999632
0.00013250724499999633
0.00013250747999999634
0.00013250771499999635
0.00013293400999999635
0.00013310024499999635
0.00013310047999999636
0.00013310071499999637
0.00013310094999999638
0.00013310118499999639
0.0001331014199999964
0.0001331016549999964
0.00013310188999999642
0.00013310212499999642
0.00013310235999999643
0.00013310259499999644
0.00013310282999999645
0.00013310306499999646
0.00013310329999999647
0.00013310353499999648
0.0001331037699999965
0.0001331040049999965
0.0001331042399999965
0.00013310447499999652
0.00013310470999999653
0.00013310494499999654
0.00013310517999999655
0.00013310541499999656
0.00013310564999999657
0.00013310588499999658
0.0001331061199999966
0.0001331063549999966
0.0001331742499999966
0.0001332107249999966
0.0001336874199999966
0.00013403850999999659
0.00013443035999999658
0.00013466171499999658
0.00013469625499999658
0.00013471104999999658
0.00013520399999999657
0.00013541351499999659
0.0001354137499999966
0.0001354139849999966
0.00013541421999999662
0.00013544875999999662
0.00013546355499999662
0.00013546378999999663
0.00013546402499999664
0.00013546425999999665
0.00013556642999999665
0.00013561738499999666
0.00013561761999999667
0.00013561785499999668
0.00013565239499999668
0.00013566718999999668
0.0001356674249999967
0.0001356676599999967
0.0001356678949999967
0.0001357357899999967
0.0001357722649999967
0.00013577249999999672
0.00013577273499999672
0.00013577296999999673
0.00013577320499999674
0.00013577343999999675
0.00013577367499999676
0.00013588386999999677
0.00013594194499999676
0.00013594217999999677
0.00013594241499999678
0.00013597695499999678
0.00013599174999999678
0.0001359919849999968
0.0001359922199999968
0.0001359924549999968
0.00013599268999999682
0.00013599292499999683
0.00013602746499999683
0.00013604225999999683
0.00013607687499999683
0.00013609174999999684
0.00013609198499999685
0.00013617697999999685
0.00013622065499999686
0.00013627229499999687
0.00013629428999999686
0.00013633698499999685
0.00013635905999999685
0.00013635929499999686
0.00013635952999999687
0.00013635976499999688
0.00013635999999999689
0.0001363602349999969
0.0001363947749999969
0.0001364095699999969
0.0001364098049999969
0.00013641003999999692
0.00013641027499999693
0.00013641050999999694
0.00013641074499999695
0.00013641097999999695
0.00013641121499999696
0.00013641144999999697
0.00013641168499999698
0.000136411919999997
0.000136412154999997
0.000136412389999997
0.00013641262499999702
0.00013641285999999703
0.00013641309499999704
0.00013641332999999705
0.00013641356499999706
0.00013644817999999706
0.00013646305499999707
0.00013646328999999708
0.0001364635249999971
0.0001364637599999971
0.0001365317299999971
0.0001365682849999971
0.0001366532799999971
0.0001366969549999971
0.00013669718999999712
0.00013669742499999713
0.00013669765999999714
0.00013669789499999715
0.00013669812999999716
0.00013669836499999717
0.00013669859999999718
0.0001366988349999972
0.0001366990699999972
0.0001367336099999972
0.0001367484049999972
0.0001367486399999972
0.00013674887499999722
0.00013674910999999723
0.00013674934499999724
0.00013674957999999725
0.00013676701999999725
0.00013677461499999726
0.00013677484999999727
0.00013677508499999728
0.0001367753199999973
0.0001367755549999973
0.0001367757899999973
0.00013677602499999732
0.00013677625999999733
0.00013677649499999734
0.00013677672999999735
0.00013677696499999736
0.00013686195999999736
0.00013690563499999737
0.00013690586999999738
0.0001369061049999974
0.0001369063399999974
0.0001369065749999974
0.00013690680999999742
0.00013690704499999743
0.00013690727999999744
0.00013690751499999745
0.00013690774999999746
0.00013699274499999746
0.00013703641999999748
0.00013703665499999748
0.0001370368899999975
0.0001370371249999975
0.00013703735999999751
0.00013703759499999752
0.00013705503499999752
0.00013706262999999753
0.00013706286499999754
0.00013706309999999755
0.00013706333499999756
0.00013706356999999757
0.00013706380499999758
0.0001370640399999976
0.0001370642749999976
0.0001370645099999976
0.00013709904999999761
0.0001371916049999976
0.00013724999999999762
0.00013725023499999763
0.00013725046999999764
0.00013725070499999765
0.00013725093999999766
0.00013725117499999767
0.00013725140999999767
0.00013725164499999768
0.0001372518799999977
0.0001372521149999977
0.00013725234999999771
0.00013725258499999772
0.00013725281999999773
0.00013725305499999774
0.00013725328999999775
0.00013728782999999776
0.00013730262499999775
0.00013730285999999776
0.00013730309499999777
0.00013730332999999778
0.0001373035649999978
0.0001373037999999978
0.0001373040349999978
0.00013730426999999782
0.00013730450499999783
0.00013730473999999784
0.00013730497499999785
0.00013730520999999786
0.00013730544499999787
0.00013730567999999788
0.0001373059149999979
0.0001373061499999979
0.0001373063849999979
0.00013730661999999792
0.00013730685499999793
0.00013730708999999794
0.00013730732499999795
0.00013732476499999795
0.00013733235999999796
0.00013733259499999797
0.00013733282999999798
0.000137333064999998
0.000137333299999998
0.000137333534999998
0.00013733376999999802
0.00013733400499999803
0.00013733423999999803
0.00013733447499999804
0.00013737716999999804
0.00013739924499999804
0.00013739947999999805
0.00013739971499999805
0.00013739994999999806
0.00013740018499999807
0.00013740041999999808
0.0001374006549999981
0.0001374008899999981
0.0001374011249999981
0.00013740135999999812
0.00013740159499999813
0.00013740182999999814
0.00013740206499999815
0.00013740229999999816
0.00013741973999999816
0.00013744913999999816
0.00013746409499999817
0.00013746432999999818
0.0001374645649999982
0.0001374647999999982
0.0001374650349999982
0.00013746526999999822
0.00013746550499999823
0.00013746573999999824
0.00013746597499999824
0.00013746620999999825
0.00013746644499999826
0.00013746667999999827
0.00013746691499999828
0.0001374671499999983
0.0001374673849999983
0.0001374676199999983
0.00013746785499999832
0.00013753574999999832
0.00013757222499999832
0.00013761491999999832
0.0001376369949999983
0.00013763722999999832
0.00013763746499999833
0.00013763769999999834
0.00013763793499999835
0.00013763816999999836
0.00013763840499999837
0.00013763863999999838
0.0001376388749999984
0.0001376391099999984
0.0001376393449999984
0.00013763957999999842
0.00013763981499999843
0.00013764004999999843
0.00013764028499999844
0.00013764051999999845
0.00013764075499999846
0.00013764098999999847
0.00013764122499999848
0.0001376414599999985
0.0001376416949999985
0.0001376419299999985
0.00013764216499999852
0.00013764239999999853
0.00013764263499999854
0.00013764286999999855
0.00013764310499999856
0.00013764333999999857
0.00013764357499999858
0.0001376438099999986
0.0001376440449999986
0.0001376442799999986
0.00013764451499999862
0.00013764474999999863
0.00013764498499999864
0.00013764521999999865
0.00013764545499999866
0.00013764568999999867
0.00013764592499999868
0.00013764615999999869
0.0001376463949999987
0.0001376466299999987
0.00013764686499999872
0.00013764709999999872
0.00013764733499999873
0.00013766477499999873
0.00013767236999999874
0.00013767260499999875
0.00013767283999999876
0.00013767307499999877
0.00013767330999999878
0.0001376735449999988
0.0001377080849999988
0.0001377228799999988
0.0001377231149999988
0.00013772334999999881
0.00013772358499999882
0.00013774102499999882
0.00013774861999999883
0.00013774885499999884
0.00013774908999999885
0.00013774932499999886
0.00013774955999999887
0.00013774979499999888
0.0001377500299999989
0.0001377502649999989
0.0001377504999999989
0.00013775073499999892
0.00013775096999999893
0.00013775120499999894
0.00013775143999999895
0.00013775167499999896
0.00013775190999999897
0.00013775214499999898
0.000137752379999999
0.000137752614999999
0.000137752849999999
0.00013775308499999902
0.00013775331999999903
0.00013775355499999904
0.00013775378999999905
0.00013775402499999906
0.00013775425999999907
0.00013775449499999908
0.00013775472999999908
0.0001377549649999991
0.0001377551999999991
0.00013775543499999911
0.00013775566999999912
0.00013775590499999913
0.00013775613999999914
0.00013775637499999915
0.00013775660999999916
0.00013775684499999917
0.00013775707999999918
0.0001377573149999992
0.0001377575499999992
0.0001377577849999992
0.00013775801999999922
0.00013775825499999923
0.00013775848999999924
0.00013775872499999925
0.00013775895999999926
0.00013775919499999927
0.00013775942999999928
0.0001377596649999993
0.0001377598999999993
0.0001377601349999993
0.00013776036999999932
0.00013776060499999933
0.00013776083999999934
0.00013776107499999935
0.00013776130999999936
0.00013780407999999935
0.00013782623499999935
0.00013782646999999936
0.00013782670499999937
0.00013782693999999938
0.0001378271749999994
0.0001378446899999994
0.00013785236499999938
0.00013785259999999939
0.0001378528349999994
0.0001378530699999994
0.00013785330499999941
0.00013785353999999942
0.00013785377499999943
0.00013785400999999944
0.00013785424499999945
0.00013785447999999946
0.00013785471499999947
0.00013785494999999948
0.0001378551849999995
0.0001378554199999995
0.0001378556549999995
0.00013785588999999952
0.00013785612499999953
0.00013785635999999954
0.00013785659499999955
0.00013785682999999956
0.00013785706499999957
0.00013785729999999958
0.0001378575349999996
0.0001378577699999996
0.0001378580049999996
0.00013785823999999962
0.00013785847499999963
0.00013785870999999964
0.00013785894499999965
0.00013785917999999966
0.00013785941499999967