3.873000000000001e-07
5.316950000000002e-07
9.192150000000003e-07
1.0637700000000003e-06
1.4512900000000006e-06
1.5958450000000006e-06
1.5960800000000006e-06
1.5963150000000005e-06
1.5965500000000004e-06
1.5967850000000003e-06
1.5970200000000003e-06
1.5972550000000002e-06
1.59749e-06
1.597725e-06
1.59796e-06
1.98548e-06
2.7698800000000002e-06
3.2030750000000002e-06
3.20331e-06
3.203545e-06
3.20378e-06
3.204015e-06
3.20425e-06
3.2044849999999998e-06
3.2047199999999997e-06
3.2049549999999996e-06
3.2051899999999995e-06
3.2054249999999995e-06
3.2056599999999994e-06
3.2058949999999993e-06
3.5934149999999995e-06
3.7379699999999996e-06
3.7382049999999996e-06
3.7384399999999995e-06
4.12596e-06
4.270514999999999e-06
4.27075e-06
4.270985e-06
4.27122e-06
4.288735e-06
4.29641e-06
4.296645e-06
4.296880000000001e-06
4.297115000000001e-06
4.297350000000001e-06
4.297585000000002e-06
4.297820000000002e-06
4.298055000000002e-06
4.298290000000003e-06
4.298525000000003e-06
4.298760000000003e-06
4.298995000000004e-06
4.299230000000004e-06
4.686750000000004e-06
4.8313050000000035e-06
4.831540000000004e-06
4.831775000000004e-06
4.832010000000005e-06
4.832245000000005e-06
5.219765000000005e-06
5.364320000000004e-06
5.364555000000005e-06
5.364790000000005e-06
5.3650250000000054e-06
5.365260000000006e-06
5.365495000000006e-06
5.3657300000000065e-06
5.365965000000007e-06
5.366200000000007e-06
5.3664350000000075e-06
5.366670000000008e-06
5.366905000000008e-06
5.3671400000000086e-06
5.367375000000009e-06
5.367610000000009e-06
5.36784500000001e-06
5.36808000000001e-06
5.36831500000001e-06
5.368550000000011e-06
5.368785000000011e-06
5.369020000000011e-06
5.369255000000012e-06
5.369490000000012e-06
5.369725000000012e-06
5.369960000000013e-06
5.370195000000013e-06
5.370430000000013e-06
5.757950000000013e-06
5.902505000000013e-06
5.902740000000013e-06
6.290260000000013e-06
6.434815000000013e-06
6.435050000000013e-06
6.435285000000013e-06
6.435520000000014e-06
6.435755000000014e-06
6.435990000000014e-06
6.436225000000015e-06
6.601320000000015e-06
6.695395000000015e-06
6.6956300000000155e-06
6.695865000000016e-06
6.696100000000016e-06
6.696335000000017e-06
7.083855000000016e-06
7.228410000000016e-06
7.228645000000016e-06
7.246085000000017e-06
7.253680000000017e-06
7.253915000000017e-06
7.254150000000018e-06
7.254385000000018e-06
7.254620000000018e-06
7.254855000000019e-06
7.255090000000019e-06
7.255325000000019e-06
7.25556000000002e-06
7.25579500000002e-06
7.25603000000002e-06
7.256265000000021e-06
7.256500000000021e-06
7.256735000000021e-06
7.256970000000022e-06
7.257205000000022e-06
7.2574400000000225e-06
7.257675000000023e-06
7.257910000000023e-06
7.2581450000000235e-06
7.258380000000024e-06
7.258615000000024e-06
7.2588500000000245e-06
7.259085000000025e-06
7.259320000000025e-06
7.2595550000000256e-06
7.259790000000026e-06
7.260025000000026e-06
7.260260000000027e-06
7.260495000000027e-06
7.260730000000027e-06
7.260965000000028e-06
7.261200000000028e-06
7.261435000000028e-06
7.261670000000029e-06
7.261905000000029e-06
7.262140000000029e-06
7.26237500000003e-06
7.26261000000003e-06
7.28005000000003e-06
7.287645000000031e-06
7.287880000000031e-06
7.288115000000031e-06
7.288350000000032e-06
7.288585000000032e-06
7.288820000000032e-06
7.289055000000033e-06
7.289290000000033e-06
7.289525000000033e-06
7.306965000000034e-06
7.314560000000034e-06
7.314795000000034e-06
7.3150300000000346e-06
7.315265000000035e-06
7.315500000000035e-06
7.315735000000036e-06
7.315970000000036e-06
7.316205000000036e-06
7.316440000000037e-06
7.316675000000037e-06
7.316910000000037e-06
7.317145000000038e-06
7.317380000000038e-06
7.317615000000038e-06
7.317850000000039e-06
7.318085000000039e-06
7.318320000000039e-06
7.31855500000004e-06
7.31879000000004e-06
7.3190250000000404e-06
7.319260000000041e-06
7.319495000000041e-06
7.3197300000000415e-06
7.319965000000042e-06
7.320200000000042e-06
7.3204350000000425e-06
7.320670000000043e-06
7.320905000000043e-06
7.3211400000000435e-06
7.321375000000044e-06
7.321610000000044e-06
7.321845000000045e-06
7.322080000000045e-06
7.322315000000045e-06
7.322550000000046e-06
7.322785000000046e-06
7.323020000000046e-06
7.323255000000047e-06
7.323490000000047e-06
7.323725000000047e-06
7.323960000000048e-06
7.324195000000048e-06
7.324430000000048e-06
7.324665000000049e-06
7.324900000000049e-06
7.3251350000000494e-06
7.32537000000005e-06
7.32560500000005e-06
7.3258400000000505e-06
7.326075000000051e-06
7.326310000000051e-06
7.3265450000000515e-06
7.326780000000052e-06
7.327015000000052e-06
7.3272500000000525e-06
7.728345000000052e-06
7.880180000000052e-06
7.880415000000052e-06
7.880650000000051e-06
7.88088500000005e-06
7.88112000000005e-06
7.88135500000005e-06
7.88159000000005e-06
7.881825000000049e-06
7.882060000000048e-06
7.882295000000048e-06
7.882530000000047e-06
7.882765000000047e-06
7.883000000000046e-06
7.883235000000046e-06
7.883470000000045e-06
7.883705000000045e-06
7.883940000000044e-06
7.884175000000044e-06
7.884410000000043e-06
7.884645000000043e-06
7.884880000000042e-06
7.885115000000042e-06
7.885350000000041e-06
7.88558500000004e-06
7.88582000000004e-06
7.88605500000004e-06
7.88629000000004e-06
7.886525000000039e-06
7.886760000000038e-06
7.886995000000038e-06
7.887230000000037e-06
7.904670000000038e-06
7.912265000000037e-06
7.912500000000036e-06
7.912735000000036e-06
7.912970000000035e-06
7.913205000000035e-06
7.913440000000034e-06
7.913675000000034e-06
7.913910000000033e-06
7.914145000000033e-06
7.914380000000032e-06
7.914615000000032e-06
7.914850000000031e-06
7.915085000000031e-06
7.91532000000003e-06
7.91555500000003e-06
7.91579000000003e-06
7.916025000000029e-06
7.916260000000028e-06
7.916495000000028e-06
7.916730000000027e-06
7.916965000000027e-06
7.917200000000026e-06
7.917435000000026e-06
7.917670000000025e-06
7.917905000000025e-06
7.918140000000024e-06
7.918375000000024e-06
7.918610000000023e-06
7.918845000000023e-06
7.919080000000022e-06
7.919315000000022e-06
7.919550000000021e-06
7.919785000000021e-06
7.92002000000002e-06
7.92025500000002e-06
7.92049000000002e-06
7.920725000000019e-06
7.920960000000018e-06
7.921195000000018e-06
7.921430000000017e-06
7.921665000000017e-06
7.921900000000016e-06
7.922135000000016e-06
7.922370000000015e-06
7.922605000000015e-06
7.922840000000014e-06
7.923075000000014e-06
7.923310000000013e-06
7.923545000000013e-06
7.923780000000012e-06
7.924015000000012e-06
7.924250000000011e-06
7.924485000000011e-06
7.92472000000001e-06
7.92495500000001e-06
7.92519000000001e-06
7.925425000000009e-06
7.925660000000008e-06
7.925895000000008e-06
7.926130000000007e-06
7.926365000000007e-06
7.926600000000006e-06
7.926835000000006e-06
7.927070000000005e-06
7.927305000000005e-06
7.927540000000004e-06
7.927775000000004e-06
7.928010000000003e-06
7.928245000000003e-06
7.928480000000002e-06
7.928715000000002e-06
7.928950000000001e-06
7.929185000000001e-06
7.92942e-06
7.929655e-06
7.92989e-06
7.930124999999999e-06
7.930359999999998e-06
7.930594999999998e-06
7.930829999999997e-06
7.931064999999997e-06
7.931299999999996e-06
7.931534999999996e-06
7.931769999999995e-06
7.932004999999995e-06
7.932239999999994e-06
7.932474999999994e-06
7.932709999999993e-06
7.932944999999993e-06
7.933179999999992e-06
7.933414999999992e-06
7.933649999999991e-06
7.933884999999991e-06
7.93411999999999e-06
7.93435499999999e-06
7.93458999999999e-06
7.934824999999989e-06
7.935059999999988e-06
7.935294999999988e-06
7.935529999999987e-06
7.935764999999987e-06
7.935999999999986e-06
7.936234999999986e-06
7.936469999999985e-06
7.936704999999985e-06
7.936939999999984e-06
7.937174999999984e-06
7.937409999999983e-06
7.937644999999983e-06
7.937879999999982e-06
7.955394999999983e-06
7.963069999999983e-06
7.963304999999982e-06
7.963539999999982e-06
7.963774999999981e-06
7.96400999999998e-06
7.96424499999998e-06
7.96447999999998e-06
7.96471499999998e-06
7.964949999999979e-06
7.965184999999978e-06
7.965419999999978e-06
7.965654999999977e-06
7.965889999999977e-06
7.966124999999976e-06
7.966359999999976e-06
7.966594999999975e-06
7.966829999999975e-06
7.967064999999974e-06
7.967299999999974e-06
7.967534999999973e-06
7.967769999999973e-06
7.968004999999972e-06
7.968239999999972e-06
7.968474999999971e-06
7.96870999999997e-06
7.96894499999997e-06
7.96917999999997e-06
7.96941499999997e-06
7.969649999999969e-06
7.969884999999968e-06
7.970119999999968e-06
7.970354999999967e-06
7.970589999999967e-06
7.970824999999966e-06
8.358344999999967e-06
8.502899999999967e-06
8.890419999999968e-06
9.034974999999968e-06
9.035209999999968e-06
9.035444999999967e-06
9.035679999999967e-06
9.035914999999966e-06
9.036149999999966e-06
9.423669999999967e-06
9.568224999999967e-06
9.568459999999967e-06
9.568694999999966e-06
9.568929999999966e-06
9.569164999999965e-06
9.569399999999965e-06
9.569634999999964e-06
9.569869999999964e-06
9.570104999999963e-06
9.570339999999963e-06
9.570574999999962e-06
9.570809999999962e-06
9.571044999999961e-06
9.57127999999996e-06
9.57151499999996e-06
9.57174999999996e-06
9.571984999999959e-06
9.572219999999959e-06
9.572454999999958e-06
9.572689999999958e-06
9.572924999999957e-06
9.573159999999957e-06
9.573394999999956e-06
9.573629999999956e-06
9.573864999999955e-06
9.574099999999955e-06
9.574334999999954e-06
9.574569999999954e-06
9.574804999999953e-06
9.575039999999953e-06
9.575274999999952e-06
9.575509999999952e-06
9.575744999999951e-06
9.57597999999995e-06
9.57621499999995e-06
9.57644999999995e-06
9.576684999999949e-06
9.576919999999949e-06
9.96443999999995e-06
1.010899499999995e-05
1.010922999999995e-05
1.0109464999999949e-05
1.0109699999999948e-05
1.0109934999999948e-05
1.0110169999999947e-05
1.0110404999999947e-05
1.0110639999999946e-05
1.0110874999999946e-05
1.0776549999999945e-05
1.1115584999999946e-05
1.1115819999999945e-05
1.1116054999999945e-05
1.1116289999999944e-05
1.1116524999999944e-05
1.1116759999999943e-05
1.1116994999999943e-05
1.1117229999999942e-05
1.1117464999999942e-05
1.1117699999999941e-05
1.111793499999994e-05
1.111816999999994e-05
1.111840499999994e-05
1.1118639999999939e-05
1.1118874999999939e-05
1.1119109999999938e-05
1.1119344999999937e-05
1.1119579999999937e-05
1.1119814999999936e-05
1.1120049999999936e-05
1.1120284999999935e-05
1.1120519999999935e-05
1.1120754999999934e-05
1.1120989999999934e-05
1.1121224999999933e-05
1.1121459999999933e-05
1.1121694999999932e-05
1.1121929999999932e-05
1.1122164999999931e-05
1.1122399999999931e-05
1.112263499999993e-05
1.112286999999993e-05
1.112310499999993e-05
1.1123339999999929e-05
1.1123574999999928e-05
1.1123809999999928e-05
1.1124044999999927e-05
1.1124279999999927e-05
1.1124514999999926e-05
1.1124749999999926e-05
1.1124984999999925e-05
1.1125219999999925e-05
1.1125454999999924e-05
1.1125689999999924e-05
1.1125924999999923e-05
1.1126159999999923e-05
1.1126394999999922e-05
1.1126629999999922e-05
1.1126864999999921e-05
1.1127099999999921e-05
1.112733499999992e-05
1.112756999999992e-05
1.112780499999992e-05
1.1128039999999919e-05
1.1128274999999918e-05
1.1128509999999918e-05
1.1128744999999917e-05
1.1128979999999917e-05
1.1129214999999916e-05
1.1129449999999916e-05
1.1129684999999915e-05
1.1129919999999915e-05
1.1130154999999914e-05
1.1130389999999914e-05
1.1130624999999913e-05
1.1130859999999913e-05
1.1131094999999912e-05
1.1131329999999912e-05
1.1131564999999911e-05
1.1131799999999911e-05
1.113203499999991e-05
1.113226999999991e-05
1.113250499999991e-05
1.1132739999999909e-05
1.1132974999999908e-05
1.1133209999999908e-05
1.1133444999999907e-05
1.1133679999999907e-05
1.1133914999999906e-05
1.1134149999999906e-05
1.1134384999999905e-05
1.1134619999999905e-05
1.1134854999999904e-05
1.1135089999999904e-05
1.1135324999999903e-05
1.1135559999999903e-05
1.1135794999999902e-05
1.1136029999999902e-05
1.1136264999999901e-05
1.1136499999999901e-05
1.11367349999999e-05
1.11369699999999e-05
1.11372049999999e-05
1.1137439999999899e-05
1.1137674999999898e-05
1.1137909999999898e-05
1.1138144999999897e-05
1.1138379999999897e-05
1.1138614999999896e-05
1.1138849999999896e-05
1.1139084999999895e-05
1.1139319999999895e-05
1.1139554999999894e-05
1.1139789999999894e-05
1.1140024999999893e-05
1.1140259999999893e-05
1.1140494999999892e-05
1.1140729999999892e-05
1.1140964999999891e-05
1.1141199999999891e-05
1.114143499999989e-05
1.114166999999989e-05
1.114190499999989e-05
1.1142139999999889e-05
1.1142374999999888e-05
1.1142609999999888e-05
1.1142844999999887e-05
1.1143079999999887e-05
1.1143314999999886e-05
1.1143549999999886e-05
1.1143784999999885e-05
1.1144019999999885e-05
1.1144254999999884e-05
1.1144489999999884e-05
1.1144724999999883e-05
1.1144959999999883e-05
1.1145194999999882e-05
1.1145429999999882e-05
1.1145664999999881e-05
1.1145899999999881e-05
1.114613499999988e-05
1.114636999999988e-05
1.114660499999988e-05
1.1146839999999879e-05
1.1147074999999878e-05
1.1147309999999878e-05
1.1147544999999877e-05
1.1147779999999877e-05
1.1148014999999876e-05
1.1797489999999876e-05
1.2122124999999875e-05
1.2122359999999875e-05
1.2122594999999874e-05
1.2122829999999874e-05
1.2123064999999873e-05
1.2123299999999873e-05
1.2123534999999872e-05
1.2123769999999872e-05
1.2124004999999871e-05
1.212423999999987e-05
1.212447499999987e-05
1.212470999999987e-05
1.2124944999999869e-05
1.2125179999999869e-05
1.2125414999999868e-05
1.2125649999999868e-05
1.2125884999999867e-05
1.2126119999999867e-05
1.2126354999999866e-05
1.2126589999999866e-05
1.2126824999999865e-05
1.2127059999999865e-05
1.2127294999999864e-05
1.2127529999999864e-05
1.2127764999999863e-05
1.2127999999999863e-05
1.2128234999999862e-05
1.2128469999999862e-05
1.2128704999999861e-05
1.212893999999986e-05
1.212917499999986e-05
1.212940999999986e-05
1.2129644999999859e-05
1.2129879999999859e-05
1.2130114999999858e-05
1.2130349999999858e-05
1.2130584999999857e-05
1.2130819999999857e-05
1.2131054999999856e-05
1.2131289999999856e-05
1.2131524999999855e-05
1.2131759999999855e-05
1.2131994999999854e-05
1.2132229999999854e-05
1.2132464999999853e-05
1.2132699999999853e-05
1.2132934999999852e-05
1.2133169999999852e-05
1.2133404999999851e-05
1.213363999999985e-05
1.213387499999985e-05
1.213410999999985e-05
1.2134344999999849e-05
1.2134579999999849e-05
1.2134814999999848e-05
1.2135049999999848e-05
1.2135284999999847e-05
1.2135519999999846e-05
1.2135754999999846e-05
1.2135989999999845e-05
1.2136224999999845e-05
1.2136459999999844e-05
1.2136694999999844e-05
1.2136929999999843e-05
1.2137164999999843e-05
1.2137399999999842e-05
1.2137634999999842e-05
1.2137869999999841e-05
1.2138104999999841e-05
1.213833999999984e-05
1.2525859999999841e-05
1.2670414999999842e-05
1.2670649999999841e-05
1.267088499999984e-05
1.267111999999984e-05
1.267135499999984e-05
1.2671589999999839e-05
1.2671824999999839e-05
1.2672059999999838e-05
1.2672294999999838e-05
1.2672529999999837e-05
1.2672764999999837e-05
1.2672999999999836e-05
1.2673234999999836e-05
1.2673469999999835e-05
1.2673704999999835e-05
1.2673939999999834e-05
1.2674174999999834e-05
1.2674409999999833e-05
1.2674644999999833e-05
1.2674879999999832e-05
1.2675114999999832e-05
1.2675349999999831e-05
1.267558499999983e-05
1.267581999999983e-05
1.267605499999983e-05
1.2676289999999829e-05
1.2676524999999829e-05
1.2676759999999828e-05
1.2676994999999828e-05
1.2677229999999827e-05
1.2677464999999827e-05
1.2677699999999826e-05
1.2677934999999826e-05
1.2678169999999825e-05
1.2678404999999825e-05
1.2678639999999824e-05
1.2678874999999824e-05
1.2679109999999823e-05
1.2679344999999823e-05
1.2679579999999822e-05
1.2679814999999822e-05
1.2680049999999821e-05
1.268028499999982e-05
1.268051999999982e-05
1.268075499999982e-05
1.2680989999999819e-05
1.2681224999999819e-05
1.2681459999999818e-05
1.2681694999999818e-05
1.2681929999999817e-05
1.2682164999999817e-05
1.2682399999999816e-05
1.2682634999999816e-05
1.2682869999999815e-05
1.2683104999999815e-05
1.2683339999999814e-05
1.2683574999999814e-05
1.2683809999999813e-05
1.2684044999999813e-05
1.2684279999999812e-05
1.2684514999999812e-05
1.2684749999999811e-05
1.268498499999981e-05
1.268521999999981e-05
1.268545499999981e-05
1.2685689999999809e-05
1.2685924999999809e-05
1.2686159999999808e-05
1.2686394999999808e-05
1.2686629999999807e-05
1.2686864999999807e-05
1.2687099999999806e-05
1.2687334999999806e-05
1.2687569999999805e-05
1.2687804999999805e-05
1.2688039999999804e-05
1.2688274999999804e-05
1.2688509999999803e-05
1.2688744999999803e-05
1.2688979999999802e-05
1.2689214999999802e-05
1.2689449999999801e-05
1.26896849999998e-05
1.3368934999999801e-05
1.37152499999998e-05
1.37154849999998e-05
1.37157199999998e-05
1.3715954999999799e-05
1.3716189999999799e-05
1.3716424999999798e-05
1.3716659999999798e-05
1.3716894999999797e-05
1.3717129999999797e-05
1.3717364999999796e-05
1.3717599999999796e-05
1.3717834999999795e-05
1.3718069999999795e-05
1.3718304999999794e-05
1.3718539999999794e-05
1.3718774999999793e-05
1.3719009999999793e-05
1.3719244999999792e-05
1.3719479999999792e-05
1.3719714999999791e-05
1.371994999999979e-05
1.372018499999979e-05
1.372041999999979e-05
1.3720654999999789e-05
1.3720889999999789e-05
1.3721124999999788e-05
1.3721359999999788e-05
1.4359209999999787e-05
1.4676724999999786e-05
1.4676959999999786e-05
1.4677194999999785e-05
1.4677429999999785e-05
1.4677664999999784e-05
1.4677899999999784e-05
1.4678134999999783e-05
1.4678369999999783e-05
1.4678604999999782e-05
1.4678839999999782e-05
1.4679074999999781e-05
1.467930999999978e-05
1.467954499999978e-05
1.467977999999978e-05
1.468001499999978e-05
1.534568999999978e-05
1.568472499999978e-05
1.568495999999978e-05
1.568519499999978e-05
1.568542999999978e-05
1.568566499999978e-05
1.5685899999999778e-05
1.5686134999999778e-05
1.5686369999999777e-05
1.5686604999999777e-05
1.5686839999999776e-05
1.5687074999999776e-05
1.5687309999999775e-05
1.5687544999999775e-05
1.5687779999999774e-05
1.5688014999999774e-05
1.5688249999999773e-05
1.5688484999999773e-05
1.5688719999999772e-05
1.568895499999977e-05
1.568918999999977e-05
1.568942499999977e-05
1.568965999999977e-05
1.568989499999977e-05
1.569012999999977e-05
1.569036499999977e-05
1.5690599999999768e-05
1.5690834999999768e-05
1.5691069999999767e-05
1.5691304999999767e-05
1.5691539999999766e-05
1.5691774999999766e-05
1.5692009999999765e-05
1.5692244999999765e-05
1.5692479999999764e-05
1.5692714999999764e-05
1.5692949999999763e-05
1.5693184999999763e-05
1.5693419999999762e-05
1.569365499999976e-05
1.638452999999976e-05
1.6737964999999762e-05
1.673819999999976e-05
1.673843499999976e-05
1.673866999999976e-05
1.673890499999976e-05
1.673913999999976e-05
1.673937499999976e-05
1.6739609999999758e-05
1.6739844999999758e-05
1.6740079999999757e-05
1.6740314999999757e-05
1.6740549999999756e-05
1.6740784999999756e-05
1.6741019999999755e-05
1.6741254999999755e-05
1.6741489999999754e-05
1.6741724999999754e-05
1.6741959999999753e-05
1.6742194999999753e-05
1.7380044999999752e-05
1.769755999999975e-05
1.769779499999975e-05
1.769802999999975e-05
1.769826499999975e-05
1.769849999999975e-05
1.769873499999975e-05
1.769896999999975e-05
1.7699204999999748e-05
1.7699439999999747e-05
1.7699674999999747e-05
1.7699909999999746e-05
1.8112629999999748e-05
1.8271584999999748e-05
1.8271819999999747e-05
1.8272054999999747e-05
1.8272289999999746e-05
1.8272524999999746e-05
1.8272759999999745e-05
1.8272994999999745e-05
1.8273229999999744e-05
1.8273464999999744e-05
1.8273699999999743e-05
1.8273934999999743e-05
1.8274169999999742e-05
1.8274404999999742e-05
1.827463999999974e-05
1.827487499999974e-05
1.827510999999974e-05
1.827534499999974e-05
1.827557999999974e-05
1.827581499999974e-05
1.827604999999974e-05
1.8276284999999738e-05
1.8276519999999737e-05
1.8276754999999737e-05
1.8276989999999736e-05
1.8277224999999736e-05
1.8968099999999735e-05
1.9321534999999736e-05
1.9321769999999736e-05
1.9322004999999735e-05
1.9322239999999735e-05
1.9322474999999734e-05
1.9322709999999734e-05
1.9322944999999733e-05
1.9323179999999733e-05
1.9323414999999732e-05
1.932364999999973e-05
1.932388499999973e-05
1.932411999999973e-05
1.932435499999973e-05
1.932458999999973e-05
1.932482499999973e-05
1.932505999999973e-05
1.9325294999999728e-05
1.9795669999999728e-05
1.9997904999999726e-05
1.9998139999999726e-05
1.9998374999999725e-05
1.9998609999999725e-05
1.9998844999999724e-05
1.9999079999999724e-05
1.9999314999999723e-05
1.9999549999999723e-05
1.9999784999999722e-05
2.0000019999999722e-05
2.000025499999972e-05
2.000048999999972e-05
2.000072499999972e-05
2.000095999999972e-05
2.000119499999972e-05
2.000142999999972e-05
2.000166499999972e-05
2.0001899999999718e-05
2.0002134999999717e-05
2.0002369999999717e-05
2.0002604999999716e-05
2.0002839999999716e-05
2.0003074999999715e-05
2.0003309999999715e-05
2.0003544999999714e-05
2.0003779999999714e-05
2.0004014999999713e-05
2.0004249999999713e-05
2.0004484999999712e-05
2.0004719999999712e-05
2.000495499999971e-05
2.000518999999971e-05
2.000542499999971e-05
2.000565999999971e-05
2.000589499999971e-05
2.000612999999971e-05
2.0006364999999708e-05
2.0006599999999708e-05
2.0006834999999707e-05
2.0007069999999707e-05
2.0007304999999706e-05
2.0007539999999706e-05
2.0007774999999705e-05
2.0008009999999705e-05
2.0008244999999704e-05
2.0008479999999704e-05
2.0008714999999703e-05
2.0008949999999703e-05
2.0009184999999702e-05
2.0009419999999702e-05
2.00096549999997e-05
2.00098899999997e-05
2.00101249999997e-05
2.00103599999997e-05
2.00105949999997e-05
2.00108299999997e-05
2.0011064999999698e-05
2.0011299999999698e-05
2.0011534999999697e-05
2.0011769999999697e-05
2.0012004999999696e-05
2.0012239999999696e-05
2.0012474999999695e-05
2.0012709999999695e-05
2.0012944999999694e-05
2.0013179999999694e-05
2.0013414999999693e-05
2.0013649999999693e-05
2.0013884999999692e-05
2.0014119999999692e-05
2.001435499999969e-05
2.001458999999969e-05
2.001482499999969e-05
2.001505999999969e-05
2.001529499999969e-05
2.001552999999969e-05
2.0015764999999688e-05
2.0015999999999688e-05
2.0016234999999687e-05
2.0016469999999687e-05
2.0016704999999686e-05
2.0016939999999686e-05
2.0017174999999685e-05
2.0017409999999685e-05
2.0017644999999684e-05
2.0017879999999684e-05
2.0018114999999683e-05
2.0018349999999683e-05
2.0018584999999682e-05
2.0018819999999682e-05
2.001905499999968e-05
2.001928999999968e-05
2.001952499999968e-05
2.001975999999968e-05
2.001999499999968e-05
2.002022999999968e-05
2.0020464999999678e-05
2.0020699999999678e-05
2.0020934999999677e-05
2.0021169999999677e-05
2.0021404999999676e-05
2.0021639999999676e-05
2.0021874999999675e-05
2.0022109999999675e-05
2.0022344999999674e-05
2.0022579999999674e-05
2.0022814999999673e-05
2.0023049999999673e-05
2.0023284999999672e-05
2.0023519999999672e-05
2.002375499999967e-05
2.002398999999967e-05
2.002422499999967e-05
2.006691999999967e-05
2.0088994999999668e-05
2.0089229999999667e-05
2.0254324999999667e-05
2.0348399999999668e-05
2.0348634999999667e-05
2.0348869999999667e-05
2.0349104999999666e-05
2.0349339999999666e-05
2.0349574999999665e-05
2.0349809999999665e-05
2.0350044999999664e-05
2.0350279999999664e-05
2.0350514999999663e-05
2.0350749999999663e-05
2.0350984999999662e-05
2.0351219999999662e-05
2.0368659999999662e-05
2.037625499999966e-05
2.037648999999966e-05
2.037672499999966e-05
2.037695999999966e-05
2.037719499999966e-05
2.037742999999966e-05
2.037766499999966e-05
2.0377899999999658e-05
2.0378134999999657e-05
2.0378369999999657e-05
2.0378604999999656e-05
2.0378839999999656e-05
2.0379074999999655e-05
2.0379309999999655e-05
2.0379544999999654e-05
2.0379779999999654e-05
2.0380014999999653e-05
2.0380249999999653e-05
2.0380484999999652e-05
2.0380719999999652e-05
2.0768239999999653e-05
2.091279499999965e-05
2.091302999999965e-05
2.091326499999965e-05
2.091349999999965e-05
2.091373499999965e-05
2.091396999999965e-05
2.091420499999965e-05
2.0914439999999648e-05
2.0914674999999647e-05
2.0914909999999647e-05
2.0915144999999646e-05
2.0915379999999646e-05
2.0915614999999645e-05
2.0915849999999645e-05
2.0916084999999644e-05
2.0916319999999644e-05
2.0916554999999643e-05
2.0916789999999643e-05
2.0917024999999642e-05
2.0917259999999642e-05
2.091749499999964e-05
2.091772999999964e-05
2.091796499999964e-05
2.091819999999964e-05
2.091843499999964e-05
2.091866999999964e-05
2.091890499999964e-05
2.0919139999999638e-05
2.0919374999999637e-05
2.0919609999999637e-05
2.0919844999999636e-05
2.0920079999999636e-05
2.0920314999999635e-05
2.0920549999999635e-05
2.0920784999999634e-05
2.0921019999999634e-05
2.0921254999999633e-05
2.0921489999999633e-05
2.0921724999999632e-05
2.0921959999999632e-05
2.092219499999963e-05
2.092242999999963e-05
2.092266499999963e-05
2.092289999999963e-05
2.092313499999963e-05
2.092336999999963e-05
2.092360499999963e-05
2.0923839999999628e-05
2.0924074999999627e-05
2.0924309999999627e-05
2.0924544999999626e-05
2.0924779999999626e-05
2.0925014999999625e-05
2.0925249999999625e-05
2.0925484999999624e-05
2.0925719999999624e-05
2.0925954999999623e-05
2.0926189999999623e-05
2.0926424999999622e-05
2.0926659999999622e-05
2.092689499999962e-05
2.092712999999962e-05
2.092736499999962e-05
2.092759999999962e-05
2.092783499999962e-05
2.092806999999962e-05
2.099603999999962e-05
2.158636999999962e-05
2.189044499999962e-05
2.189067999999962e-05
2.189091499999962e-05
2.189114999999962e-05
2.1891384999999618e-05
2.1891619999999617e-05
2.1891854999999617e-05
2.1892089999999616e-05
2.1892324999999616e-05
2.1892559999999615e-05
2.1892794999999615e-05
2.1893029999999614e-05
2.1893264999999614e-05
2.1893499999999613e-05
2.1893734999999613e-05
2.1893969999999612e-05
2.1894204999999612e-05
2.189443999999961e-05
2.189467499999961e-05
2.189490999999961e-05
2.189514499999961e-05
2.189537999999961e-05
2.189561499999961e-05
2.189584999999961e-05
2.1896084999999608e-05
2.1896319999999607e-05
2.1896554999999607e-05
2.1896789999999606e-05
2.1897024999999606e-05
2.1897259999999605e-05
2.1897494999999605e-05
2.1897729999999604e-05
2.1897964999999604e-05
2.1898199999999603e-05
2.1898434999999603e-05
2.1898669999999602e-05
2.1898904999999602e-05
2.18991399999996e-05
2.18993749999996e-05
2.18996099999996e-05
2.2353784999999602e-05
2.2541619999999603e-05
2.2541854999999602e-05
2.2542089999999602e-05
2.25423249999996e-05
2.25425599999996e-05
2.25427949999996e-05
2.25430299999996e-05
2.25432649999996e-05
2.25434999999996e-05
2.2543734999999598e-05
2.2543969999999598e-05
2.2544204999999597e-05
2.2544439999999597e-05
2.2544674999999596e-05
2.2544909999999596e-05
2.2545144999999595e-05
2.2545379999999595e-05
2.2545614999999594e-05
2.2545849999999594e-05
2.2546084999999593e-05
2.2546319999999593e-05
2.2546554999999592e-05
2.2546789999999592e-05
2.254702499999959e-05
2.254725999999959e-05
2.254749499999959e-05
2.254772999999959e-05
2.254796499999959e-05
2.254819999999959e-05
2.2548434999999588e-05
2.2548669999999588e-05
2.2548904999999587e-05
2.2549139999999587e-05
2.2549374999999586e-05
2.2549609999999586e-05
2.2549844999999585e-05
2.2550079999999585e-05
2.2550314999999584e-05
2.2550549999999584e-05
2.2550784999999583e-05
2.2551019999999583e-05
2.2551254999999582e-05
2.2551489999999582e-05
2.255172499999958e-05
2.255195999999958e-05
2.255219499999958e-05
2.255242999999958e-05
2.255266499999958e-05
2.255289999999958e-05
2.2553134999999578e-05
2.2553369999999578e-05
2.2553604999999577e-05
2.2553839999999577e-05
2.3037789999999577e-05
2.3247304999999577e-05
2.3247539999999577e-05
2.3247774999999576e-05
2.3248009999999576e-05
2.3248244999999575e-05
2.3248479999999575e-05
2.3248714999999574e-05
2.3248949999999573e-05
2.3249184999999573e-05
2.3249419999999572e-05
2.3249654999999572e-05
2.324988999999957e-05
2.325012499999957e-05
2.3915799999999572e-05
2.4254834999999572e-05
2.4255069999999572e-05
2.425530499999957e-05
2.425553999999957e-05
2.425577499999957e-05
2.425600999999957e-05
2.427344999999957e-05
2.428104499999957e-05
2.428127999999957e-05
2.429871999999957e-05
2.430631499999957e-05
2.4306549999999568e-05
2.4306784999999568e-05
2.4307019999999567e-05
2.4307254999999567e-05
2.4307489999999566e-05
2.4307724999999566e-05
2.4375694999999567e-05
2.4412249999999566e-05
2.4412484999999566e-05
2.4412719999999565e-05
2.4412954999999565e-05
2.4413189999999564e-05
2.4413424999999564e-05
2.4413659999999563e-05
2.4413894999999563e-05
2.4414129999999562e-05
2.4414364999999562e-05
2.441459999999956e-05
2.441483499999956e-05
2.441506999999956e-05
2.441530499999956e-05
2.441553999999956e-05
2.441577499999956e-05
2.4416009999999558e-05
2.4416244999999558e-05
2.4416479999999557e-05
2.4416714999999557e-05
2.4416949999999556e-05
2.4417184999999556e-05
2.4417419999999555e-05
2.4417654999999555e-05
2.4417889999999554e-05
2.4418124999999554e-05
2.4418359999999553e-05
2.4418594999999553e-05
2.4418829999999552e-05
2.4419064999999552e-05
2.441929999999955e-05
2.441953499999955e-05
2.441976999999955e-05
2.442000499999955e-05
2.442023999999955e-05
2.442047499999955e-05
2.4420709999999548e-05
2.4420944999999548e-05
2.4421179999999547e-05
2.4421414999999547e-05
2.4421649999999546e-05
2.4421884999999546e-05
2.4422119999999545e-05
2.4422354999999545e-05
2.4422589999999544e-05
2.4422824999999544e-05
2.4423059999999543e-05
2.4423294999999543e-05
2.4423529999999542e-05
2.442376499999954e-05
2.442399999999954e-05
2.442423499999954e-05
2.442446999999954e-05
2.442470499999954e-05
2.442493999999954e-05
2.442517499999954e-05
2.4425409999999538e-05
2.4425644999999538e-05
2.4425879999999537e-05
2.4426114999999537e-05
2.4426349999999536e-05
2.4426584999999536e-05
2.4426819999999535e-05
2.4427054999999535e-05
2.4427289999999534e-05
2.4427524999999534e-05
2.4427759999999533e-05
2.4427994999999533e-05
2.4428229999999532e-05
2.442846499999953e-05
2.442869999999953e-05
2.442893499999953e-05
2.442916999999953e-05
2.442940499999953e-05
2.442963999999953e-05
2.442987499999953e-05
2.4430109999999528e-05
2.4430344999999528e-05
2.4430579999999527e-05
2.4430814999999527e-05
2.4431049999999526e-05
2.4431284999999526e-05
2.4431519999999525e-05
2.4431754999999525e-05
2.4431989999999524e-05
2.4432224999999524e-05
2.4474919999999522e-05
2.449699499999952e-05
2.449722999999952e-05
2.449746499999952e-05
2.449769999999952e-05
2.449793499999952e-05
2.449816999999952e-05
2.449840499999952e-05
2.4498639999999518e-05
2.5205714999999518e-05
2.5573549999999517e-05
2.5573784999999517e-05
2.5574019999999516e-05
2.5574254999999516e-05
2.5574489999999515e-05
2.5574724999999515e-05
2.5574959999999514e-05
2.5575194999999514e-05
2.5575429999999513e-05
2.5575664999999513e-05
2.5575899999999512e-05
2.5576134999999512e-05
2.557636999999951e-05
2.557660499999951e-05
2.557683999999951e-05
2.557707499999951e-05
2.557730999999951e-05
2.557754499999951e-05
2.557777999999951e-05
2.5578014999999508e-05
2.5578249999999507e-05
2.5578484999999507e-05
2.5578719999999506e-05
2.5578954999999506e-05
2.6021504999999507e-05
2.6202219999999508e-05
2.6202454999999508e-05
2.6202689999999507e-05
2.6686639999999508e-05
2.6896154999999507e-05
2.6896389999999507e-05
2.6896624999999506e-05
2.6896859999999506e-05
2.6897094999999505e-05
2.6897329999999505e-05
2.6897564999999504e-05
2.6957359999999503e-05
2.6986634999999504e-05
2.6986869999999504e-05
2.6987104999999503e-05
2.6987339999999503e-05
2.6987574999999502e-05
2.6987809999999502e-05
2.69880449999995e-05
2.69882799999995e-05
2.69885149999995e-05
2.69887499999995e-05
2.69889849999995e-05
2.77212599999995e-05
2.81034949999995e-05
2.81037299999995e-05
2.81039649999995e-05
2.81041999999995e-05
2.81044349999995e-05
2.85171549999995e-05
2.86761099999995e-05
2.86763449999995e-05
2.86765799999995e-05
2.86768149999995e-05
2.86770499999995e-05
2.8677284999999498e-05
2.8677519999999498e-05
2.9115439999999497e-05
2.9288794999999498e-05
2.9289029999999498e-05
2.9289264999999497e-05
2.9289499999999497e-05
2.9289734999999496e-05
2.9289969999999496e-05
2.9290204999999495e-05
2.9290439999999495e-05
2.9290674999999494e-05
2.9290909999999494e-05
2.9291144999999493e-05
2.9291379999999493e-05
2.9291614999999492e-05
2.929184999999949e-05
2.929208499999949e-05
2.929231999999949e-05
2.929255499999949e-05
2.936052499999949e-05
2.939707999999949e-05
2.939731499999949e-05
2.939754999999949e-05
2.939778499999949e-05
2.9415299999999488e-05
2.942297499999949e-05
2.942320999999949e-05
2.942344499999949e-05
2.9423679999999488e-05
2.9423914999999487e-05
2.9424149999999487e-05
2.9424384999999486e-05
2.9424619999999486e-05
2.9424854999999485e-05
2.9425089999999485e-05
2.9425324999999484e-05
2.9425559999999484e-05
2.9425794999999483e-05
2.9426029999999483e-05
2.9426264999999482e-05
2.9426499999999482e-05
2.942673499999948e-05
2.942696999999948e-05
2.981448999999948e-05
2.995904499999948e-05
2.995927999999948e-05
2.995951499999948e-05
2.995974999999948e-05
2.995998499999948e-05
2.9960219999999478e-05
2.9960454999999477e-05
2.9960689999999477e-05
2.9960924999999476e-05
2.9961159999999476e-05
2.9961394999999475e-05
2.9961629999999475e-05
2.9961864999999474e-05
2.9962099999999474e-05
2.9962334999999473e-05
2.9962569999999473e-05
2.9962804999999472e-05
2.9963039999999472e-05
2.996327499999947e-05
2.996350999999947e-05
3.002330499999947e-05
3.005257999999947e-05
3.005281499999947e-05
3.005304999999947e-05
3.005328499999947e-05
3.005351999999947e-05
3.005375499999947e-05
3.0053989999999468e-05
3.0054224999999467e-05
3.0054459999999467e-05
3.0054694999999466e-05
3.0072134999999467e-05
3.0079729999999466e-05
3.0079964999999466e-05
3.0080199999999465e-05
3.0080434999999465e-05
3.0080669999999464e-05
3.0080904999999464e-05
3.0081139999999463e-05
3.0081374999999463e-05
3.009888999999946e-05
3.0106564999999463e-05
3.0106799999999462e-05
3.0107034999999462e-05
3.010726999999946e-05
3.010750499999946e-05
3.010773999999946e-05
3.010797499999946e-05
3.010820999999946e-05
3.010844499999946e-05
3.010867999999946e-05
3.049619999999946e-05
3.064075499999946e-05
3.0640989999999464e-05
3.064122499999947e-05
3.064145999999947e-05
3.064169499999947e-05
3.0641929999999476e-05
3.064216499999948e-05
3.064239999999948e-05
3.0642634999999484e-05
3.064286999999949e-05
3.064310499999949e-05
3.064333999999949e-05
3.0643574999999496e-05
3.06438099999995e-05
3.06440449999995e-05
3.0644279999999505e-05
3.064451499999951e-05
3.064474999999951e-05
3.064498499999951e-05
3.0645219999999516e-05
3.064545499999952e-05
3.1074429999999516e-05
3.124786499999952e-05
3.124809999999952e-05
3.1248334999999525e-05
3.124856999999953e-05
3.167486499999953e-05
3.184109999999953e-05
3.184133499999953e-05
3.1841569999999534e-05
3.184180499999954e-05
3.184203999999954e-05
3.184227499999954e-05
3.1842509999999545e-05
3.184274499999955e-05
3.184297999999955e-05
3.1843214999999554e-05
3.184344999999956e-05
3.184368499999956e-05
3.184391999999956e-05
3.1844154999999566e-05
3.184438999999957e-05
3.184462499999957e-05
3.1844859999999574e-05
3.184509499999958e-05
3.184532999999958e-05
3.184556499999958e-05
3.1845799999999586e-05
3.184603499999959e-05
3.184626999999959e-05
3.1846504999999595e-05
3.18467399999996e-05
3.18469749999996e-05
3.18472099999996e-05
3.1847444999999606e-05
3.184767999999961e-05
3.184791499999961e-05
3.1848149999999615e-05
3.184838499999962e-05
3.2302559999999616e-05
3.2490394999999617e-05
3.249062999999962e-05
3.249086499999962e-05
3.2491099999999625e-05
3.249133499999963e-05
3.2525874999999625e-05
3.2540669999999624e-05
3.2540904999999626e-05
3.254113999999963e-05
3.254137499999963e-05
3.2541609999999635e-05
3.254184499999964e-05
3.254207999999964e-05
3.2542314999999644e-05
3.2542549999999647e-05
3.254278499999965e-05
3.254301999999965e-05
3.2543254999999655e-05
3.254348999999966e-05
3.254372499999966e-05
3.2543959999999664e-05
3.254419499999967e-05
3.254442999999967e-05
3.254466499999967e-05
3.2544899999999675e-05
3.254513499999968e-05
3.254536999999968e-05
3.2545604999999684e-05
3.254583999999969e-05
3.254607499999969e-05
3.254630999999969e-05
3.2546544999999696e-05
3.25467799999997e-05
3.25470149999997e-05
3.2547249999999704e-05
3.254748499999971e-05
3.254771999999971e-05
3.254795499999971e-05
3.2548189999999716e-05
3.254842499999972e-05
3.254865999999972e-05
3.2548894999999725e-05
3.254912999999973e-05
3.254936499999973e-05
3.254959999999973e-05
3.2549834999999736e-05
3.255006999999974e-05
3.255030499999974e-05
3.2550539999999745e-05
3.255077499999975e-05
3.255100999999975e-05
3.2551244999999753e-05
3.2551479999999756e-05
3.255171499999976e-05
3.258632999999976e-05
3.260120499999976e-05
3.260143999999976e-05
3.2601674999999764e-05
3.260190999999977e-05
3.260214499999977e-05
3.260237999999977e-05
3.2687374999999776e-05
3.2731049999999775e-05
3.273128499999978e-05
3.273151999999978e-05
3.2731754999999784e-05
3.273198999999979e-05
3.273222499999979e-05
3.273245999999979e-05
3.2732694999999796e-05
3.27329299999998e-05
3.27331649999998e-05
3.2733399999999804e-05
3.273363499999981e-05
3.3121154999999804e-05
3.3265709999999807e-05
3.326594499999981e-05
3.326617999999981e-05
3.3266414999999815e-05
3.326664999999982e-05
3.326688499999982e-05
3.3267119999999824e-05
3.326735499999983e-05
3.326758999999983e-05
3.326782499999983e-05
3.3268059999999835e-05
3.326829499999984e-05
3.326852999999984e-05
3.3268764999999844e-05
3.373651499999984e-05
3.3931629999999845e-05
3.393186499999985e-05
3.393209999999985e-05
3.3932334999999854e-05
3.393256999999986e-05
3.393280499999986e-05
3.393303999999986e-05
3.3933274999999865e-05
3.393350999999987e-05
3.393374499999987e-05
3.3933979999999874e-05
3.393421499999988e-05
3.393444999999988e-05
3.393468499999988e-05
3.3934919999999885e-05
3.393515499999989e-05
3.444430499999989e-05
3.466821999999989e-05
3.466845499999989e-05
3.466868999999989e-05
3.4668924999999896e-05
3.46691599999999e-05
3.46693949999999e-05
3.4669629999999905e-05
3.466986499999991e-05
3.467009999999991e-05
3.539074999999991e-05
3.5765864999999905e-05
3.576609999999991e-05
3.576633499999991e-05
3.5766569999999914e-05
3.576680499999992e-05
3.576703999999992e-05
3.578447999999992e-05
3.579207499999992e-05
3.5792309999999926e-05
3.579254499999993e-05
3.579277999999993e-05
3.5793014999999934e-05
3.579324999999994e-05
3.579348499999994e-05
3.579371999999994e-05
3.5793954999999946e-05
3.579418999999995e-05
3.579442499999995e-05
3.5794659999999955e-05
3.579489499999996e-05
3.579512999999996e-05
3.579536499999996e-05
3.5795599999999966e-05
3.579583499999997e-05
3.579606999999997e-05
3.5796304999999975e-05
3.579653999999998e-05
3.579677499999998e-05
3.5797009999999983e-05
3.5797244999999986e-05
3.579747999999999e-05
3.579771499999999e-05
3.5797949999999995e-05
3.5798185e-05
3.579842e-05
3.5798655000000004e-05
3.5798890000000006e-05
3.579912500000001e-05
3.579936000000001e-05
3.5799595000000015e-05
3.588466500000002e-05
3.5928420000000015e-05
3.592865500000002e-05
3.592889000000002e-05
3.592912500000002e-05
3.5929360000000026e-05
3.592959500000003e-05
3.592983000000003e-05
3.5930065000000035e-05
3.593030000000004e-05
3.593053500000004e-05
3.5930770000000044e-05
3.5931005000000046e-05
3.6024175000000045e-05
3.6075130000000046e-05
3.607536500000005e-05
3.607560000000005e-05
3.6075835000000054e-05
3.607607000000006e-05
3.607630500000006e-05
3.607654000000006e-05
3.6076775000000066e-05
3.607701000000007e-05
3.607724500000007e-05
3.6077480000000075e-05
3.607771500000008e-05
3.607795000000008e-05
3.607818500000008e-05
3.6078420000000086e-05
3.607865500000009e-05
3.607889000000009e-05
3.6079125000000095e-05
3.60793600000001e-05
3.60795950000001e-05
3.6079830000000103e-05
3.6080065000000106e-05
3.608030000000011e-05
3.608053500000011e-05
3.6080770000000115e-05
3.608100500000012e-05
3.608124000000012e-05
3.6081475000000124e-05
3.6081710000000127e-05
3.608194500000013e-05
3.608218000000013e-05
3.6082415000000135e-05
3.608265000000014e-05
3.608288500000014e-05
3.6083120000000144e-05
3.608335500000015e-05
3.608359000000015e-05
3.608382500000015e-05
3.6084060000000155e-05
3.608429500000016e-05
3.608453000000016e-05
3.6084765000000164e-05
3.608500000000017e-05
3.608523500000017e-05
3.608547000000017e-05
3.6085705000000176e-05
3.608594000000018e-05
3.608617500000018e-05
3.6086410000000184e-05
3.608664500000019e-05
3.608688000000019e-05
3.608711500000019e-05
3.6087350000000196e-05
3.60875850000002e-05
3.60878200000002e-05
3.6088055000000204e-05
3.608829000000021e-05
3.608852500000021e-05
3.608876000000021e-05
3.6088995000000216e-05
3.608923000000022e-05
3.608946500000022e-05
3.6089700000000225e-05
3.608993500000023e-05
3.609017000000023e-05
3.609040500000023e-05
3.6090640000000236e-05
3.609087500000024e-05
3.609111000000024e-05
3.6091345000000245e-05
3.609158000000025e-05
3.609181500000025e-05
3.6092050000000254e-05
3.617704500000026e-05
3.6220720000000256e-05
3.622095500000026e-05
3.622119000000026e-05
3.6221425000000265e-05
3.622166000000027e-05
3.622189500000027e-05
3.622213000000027e-05
3.6222365000000276e-05
3.622260000000028e-05
3.671817500000028e-05
3.693481000000028e-05
3.6935045000000286e-05
3.693528000000029e-05
3.693551500000029e-05
3.6935750000000294e-05
3.69359850000003e-05
3.69362200000003e-05
3.69364550000003e-05
3.6936690000000306e-05
3.693692500000031e-05
3.693716000000031e-05
3.6937395000000315e-05
3.7603070000000316e-05
3.7942105000000316e-05
3.794234000000032e-05
3.794257500000032e-05
3.797711500000032e-05
3.799191000000032e-05
3.799214500000032e-05
3.799238000000032e-05
3.7992615000000326e-05
3.799285000000033e-05
3.799308500000033e-05
3.7993320000000334e-05
3.799355500000034e-05
3.799379000000034e-05
3.799402500000034e-05
3.7994260000000346e-05
3.799449500000035e-05
3.799473000000035e-05
3.7994965000000355e-05
3.799520000000036e-05
3.799543500000036e-05
3.799567000000036e-05
3.7995905000000366e-05
3.799614000000037e-05
3.799637500000037e-05
3.7996610000000375e-05
3.799684500000038e-05
3.799708000000038e-05
3.7997315000000383e-05
3.7997550000000386e-05
3.799778500000039e-05
3.799802000000039e-05
3.7998255000000395e-05
3.79984900000004e-05
3.79987250000004e-05
3.7998960000000404e-05
3.7999195000000407e-05
3.799943000000041e-05
3.799966500000041e-05
3.7999900000000415e-05
3.800013500000042e-05
3.800037000000042e-05
3.8000605000000424e-05
3.800084000000043e-05
3.800107500000043e-05
3.800131000000043e-05
3.8001545000000435e-05
3.800178000000044e-05
3.800201500000044e-05
3.8002250000000444e-05
3.800248500000045e-05
3.800272000000045e-05
3.800295500000045e-05
3.8003190000000456e-05
3.800342500000046e-05
3.800366000000046e-05
3.8003895000000464e-05
3.800413000000047e-05
3.800436500000047e-05
3.800460000000047e-05
3.8004835000000476e-05
3.800507000000048e-05
3.800530500000048e-05
3.8005540000000485e-05
3.800577500000049e-05
3.800601000000049e-05
3.800624500000049e-05
3.8006480000000496e-05
3.80067150000005e-05
3.80069500000005e-05
3.8007185000000505e-05
3.800742000000051e-05
3.800765500000051e-05
3.800789000000051e-05
3.8008125000000516e-05
3.800836000000052e-05
3.800859500000052e-05
3.8008830000000525e-05
3.800906500000053e-05
3.800930000000053e-05
3.8009535000000534e-05
3.8009770000000536e-05
3.801000500000054e-05
3.801024000000054e-05
3.8010475000000545e-05
3.801071000000055e-05
3.801094500000055e-05
3.8011180000000554e-05
3.801141500000056e-05
3.801165000000056e-05
3.801188500000056e-05
3.8012120000000565e-05
3.801235500000057e-05
3.801259000000057e-05
3.840011000000057e-05
3.854466500000057e-05
3.8544900000000573e-05
3.8545135000000576e-05
3.854537000000058e-05
3.854560500000058e-05
3.8545840000000585e-05
3.854607500000059e-05
3.854631000000059e-05
3.8546545000000594e-05
3.8546780000000597e-05
3.85470150000006e-05
3.85472500000006e-05
3.8547485000000605e-05
3.854772000000061e-05
3.854795500000061e-05
3.861592500000061e-05
3.915372500000061e-05
3.9399720000000606e-05
3.939995500000061e-05
3.940019000000061e-05
3.9400425000000615e-05
3.940066000000062e-05
3.940089500000062e-05
3.9401130000000623e-05
3.9401365000000626e-05
3.9444060000000625e-05
3.9466135000000624e-05
3.946637000000063e-05
3.946660500000063e-05
3.946684000000063e-05
3.9467075000000636e-05
3.946731000000064e-05
3.946754500000064e-05
3.9467780000000644e-05
3.946801500000065e-05
3.946825000000065e-05
3.946848500000065e-05
3.9468720000000656e-05
3.946895500000066e-05
3.946919000000066e-05
3.9469425000000664e-05
3.946966000000067e-05
3.946989500000067e-05
3.947013000000067e-05
3.9470365000000676e-05
3.947060000000068e-05
3.947083500000068e-05
3.9471070000000685e-05
3.947130500000069e-05
3.947154000000069e-05
3.947177500000069e-05
3.9472010000000696e-05
3.94722450000007e-05
3.94724800000007e-05
3.9472715000000705e-05
3.947295000000071e-05
3.947318500000071e-05
3.9473420000000713e-05
3.9473655000000716e-05
3.947389000000072e-05
3.947412500000072e-05
3.9474360000000725e-05
4.000871000000073e-05
4.024702500000073e-05
4.024726000000073e-05
4.0247495000000735e-05
4.024773000000074e-05
4.024796500000074e-05
4.0248200000000744e-05
4.024843500000075e-05
4.024867000000075e-05
4.024890500000075e-05
4.0249140000000756e-05
4.024937500000076e-05
4.024961000000076e-05
4.0249845000000764e-05
4.025008000000077e-05
4.025031500000077e-05
4.025055000000077e-05
4.0250785000000776e-05
4.025102000000078e-05
4.025125500000078e-05
4.0251490000000784e-05
4.025172500000079e-05
4.025196000000079e-05
4.025219500000079e-05
4.0252430000000796e-05
4.03122250000008e-05
4.03415000000008e-05
4.03417350000008e-05
4.0341970000000805e-05
4.034220500000081e-05
4.034244000000081e-05
4.0342675000000814e-05
4.034291000000082e-05
4.034314500000082e-05
4.034338000000082e-05
4.0343615000000825e-05
4.034385000000083e-05
4.034408500000083e-05
4.0344320000000834e-05
4.034455500000084e-05
4.034479000000084e-05
4.034502500000084e-05
4.0345260000000846e-05
4.034549500000085e-05
4.034573000000085e-05
4.0345965000000854e-05
4.073348500000085e-05
4.0878040000000854e-05
4.087827500000086e-05
4.087851000000086e-05
4.087874500000086e-05
4.0878980000000865e-05
4.087921500000087e-05
4.087945000000087e-05
4.0879685000000874e-05
4.087992000000088e-05
4.088015500000088e-05
4.088039000000088e-05
4.0880625000000886e-05
4.088086000000089e-05
4.088109500000089e-05
4.0881330000000894e-05
4.08815650000009e-05
4.08818000000009e-05
4.08820350000009e-05
4.0882270000000906e-05
4.088250500000091e-05
4.088274000000091e-05
4.0882975000000914e-05
4.088321000000092e-05
4.088344500000092e-05
4.088368000000092e-05
4.0883915000000926e-05
4.088415000000093e-05
4.088438500000093e-05
4.0884620000000935e-05
4.088485500000094e-05
4.088509000000094e-05
4.088532500000094e-05
4.0885560000000946e-05
4.088579500000095e-05
4.088603000000095e-05
4.0886265000000955e-05
4.088650000000096e-05
4.088673500000096e-05
4.0886970000000964e-05
4.0887205000000966e-05
4.088744000000097e-05
4.088767500000097e-05
4.0887910000000975e-05
4.088814500000098e-05
4.088838000000098e-05
4.0888615000000984e-05
4.090613000000098e-05
4.0913805000000984e-05
4.091404000000099e-05
4.091427500000099e-05
4.091451000000099e-05
4.0914745000000996e-05
4.0914980000001e-05
4.0915215000001e-05
4.0915450000001004e-05
4.091568500000101e-05
4.091592000000101e-05
4.095869000000101e-05
4.0980845000001005e-05
4.098108000000101e-05
4.098131500000101e-05
4.0981550000001014e-05
4.098178500000102e-05
4.098202000000102e-05
4.098225500000102e-05
4.0982490000001025e-05
4.098272500000103e-05
4.098296000000103e-05
4.0983195000001034e-05
4.098343000000104e-05
4.098366500000104e-05
4.098390000000104e-05
4.0984135000001045e-05
4.098437000000105e-05
4.098460500000105e-05
4.0984840000001054e-05
4.098507500000106e-05
4.098531000000106e-05
4.098554500000106e-05
4.0985780000001066e-05
4.098601500000107e-05
4.098625000000107e-05
4.0986485000001074e-05
4.098672000000108e-05
4.098695500000108e-05
4.098719000000108e-05
4.105516000000108e-05
4.1091715000001084e-05
4.1091950000001086e-05
4.109218500000109e-05
4.109242000000109e-05
4.1092655000001095e-05
4.10928900000011e-05
4.10931250000011e-05
4.1093360000001104e-05
4.1093595000001107e-05
4.109383000000111e-05
4.109406500000111e-05
4.1094300000001115e-05
4.109453500000112e-05
4.109477000000112e-05
4.1095005000001124e-05
4.109524000000113e-05
4.109547500000113e-05
4.109571000000113e-05
4.1095945000001135e-05
4.109618000000114e-05
4.109641500000114e-05
4.1096650000001144e-05
4.109688500000115e-05
4.109712000000115e-05
4.109735500000115e-05
4.1097590000001156e-05
4.109782500000116e-05
4.109806000000116e-05
4.1098295000001164e-05
4.109853000000117e-05
4.109876500000117e-05
4.109900000000117e-05
4.1099235000001176e-05
4.109947000000118e-05
4.109970500000118e-05
4.1099940000001185e-05
4.110017500000119e-05
4.110041000000119e-05
4.110064500000119e-05
4.1100880000001196e-05
4.11011150000012e-05
4.11013500000012e-05
4.1101585000001205e-05
4.110182000000121e-05
4.110205500000121e-05
4.1102290000001213e-05
4.1102525000001216e-05
4.110276000000122e-05
4.114545500000122e-05
4.116753000000122e-05
4.116776500000122e-05
4.116800000000122e-05
4.1168235000001226e-05
4.116847000000123e-05
4.116870500000123e-05
4.123667500000123e-05
4.127323000000123e-05
4.1273465000001235e-05
4.127370000000124e-05
4.127393500000124e-05
4.127417000000124e-05
4.1274405000001246e-05
4.127464000000125e-05
4.127487500000125e-05
4.1275110000001255e-05
4.127534500000126e-05
4.127558000000126e-05
4.1275815000001264e-05
4.1276050000001266e-05
4.127628500000127e-05
4.127652000000127e-05
4.1276755000001275e-05
4.127699000000128e-05
4.127722500000128e-05
4.129474000000128e-05
4.130241500000128e-05
4.1302650000001284e-05
4.130288500000129e-05
4.1757060000001285e-05
4.1944895000001286e-05
4.194513000000129e-05
4.194536500000129e-05
4.1945600000001295e-05
4.19458350000013e-05
4.19460700000013e-05
4.19463050000013e-05
4.1946540000001306e-05
4.194677500000131e-05
4.194701000000131e-05
4.1947245000001315e-05
4.194748000000132e-05
4.194771500000132e-05
4.1947950000001324e-05
4.1948185000001326e-05
4.194842000000133e-05
4.200821500000133e-05
4.207292000000133e-05
4.210963500000133e-05
4.2109870000001334e-05
4.211010500000134e-05
4.211034000000134e-05
4.211057500000134e-05
4.2110810000001346e-05
4.211104500000135e-05
4.211128000000135e-05
4.2111515000001355e-05
4.211175000000136e-05
4.211198500000136e-05
4.211222000000136e-05
4.2112455000001366e-05
4.211269000000137e-05
4.211292500000137e-05
4.2113160000001375e-05
4.211339500000138e-05
4.211363000000138e-05
4.2113865000001383e-05
4.2114100000001386e-05
4.211433500000139e-05
4.211457000000139e-05
4.2114805000001395e-05
4.21150400000014e-05
4.21152750000014e-05
4.2115510000001404e-05
4.2115745000001406e-05
4.211598000000141e-05
4.211621500000141e-05
4.2116450000001415e-05
4.211668500000142e-05
4.211692000000142e-05
4.2117155000001424e-05
4.211739000000143e-05
4.211762500000143e-05
4.211786000000143e-05
4.2118095000001435e-05
4.211833000000144e-05
4.211856500000144e-05
4.2118800000001444e-05
4.211903500000145e-05
4.211927000000145e-05
4.211950500000145e-05
4.2119740000001456e-05
4.211997500000146e-05
4.212021000000146e-05
4.2120445000001464e-05
4.212068000000147e-05
4.212091500000147e-05
4.212115000000147e-05
4.2121385000001476e-05
4.212162000000148e-05
4.212185500000148e-05
4.2122090000001484e-05
4.212232500000149e-05
4.212256000000149e-05
4.212279500000149e-05
4.2123030000001496e-05
4.21232650000015e-05
4.21235000000015e-05
4.2123735000001505e-05
4.212397000000151e-05
4.212420500000151e-05
4.212444000000151e-05
4.2124675000001516e-05
4.212491000000152e-05
4.212514500000152e-05
4.2125380000001525e-05
4.212561500000153e-05
4.212585000000153e-05
4.2126085000001534e-05
4.2126320000001536e-05
4.212655500000154e-05
4.212679000000154e-05
4.2127025000001545e-05
4.212726000000155e-05
4.212749500000155e-05
4.2127730000001554e-05
4.2127965000001557e-05
4.212820000000156e-05
4.212843500000156e-05
4.2128670000001565e-05
4.212890500000157e-05
4.212914000000157e-05
4.2129375000001574e-05
4.212961000000158e-05
4.212984500000158e-05
4.213008000000158e-05
4.2130315000001585e-05
4.213055000000159e-05
4.213078500000159e-05
4.2131020000001594e-05
4.21312550000016e-05
4.21314900000016e-05
4.21317250000016e-05
4.2131960000001606e-05
4.213219500000161e-05
4.213243000000161e-05
4.2132665000001614e-05
4.213290000000162e-05
4.213313500000162e-05
4.213337000000162e-05
4.2133605000001626e-05
4.213384000000163e-05
4.213407500000163e-05
4.2134310000001635e-05
4.213454500000164e-05
4.213478000000164e-05
4.213501500000164e-05
4.2135250000001646e-05
4.213548500000165e-05
4.213572000000165e-05
4.2135955000001655e-05
4.213619000000166e-05
4.213642500000166e-05
4.2136660000001663e-05
4.2136895000001666e-05
4.213713000000167e-05
4.213736500000167e-05
4.2137600000001675e-05
4.213783500000168e-05
4.213807000000168e-05
4.2138305000001684e-05
4.2138540000001687e-05
4.213877500000169e-05
4.213901000000169e-05
4.215645000000169e-05
4.2164045000001695e-05
4.21642800000017e-05
4.21645150000017e-05
4.2164750000001704e-05
4.216498500000171e-05
4.216522000000171e-05
4.216545500000171e-05
4.2165690000001716e-05
4.216592500000172e-05
4.216616000000172e-05
4.2166395000001724e-05
4.216663000000173e-05
4.216686500000173e-05
4.225186000000173e-05
4.229553500000173e-05
4.2295770000001735e-05
4.229600500000174e-05
4.229624000000174e-05
4.2296475000001744e-05
4.229671000000175e-05
4.229694500000175e-05
4.229718000000175e-05
4.2297415000001755e-05
4.229765000000176e-05
4.229788500000176e-05
4.2298120000001764e-05
4.229835500000177e-05
4.229859000000177e-05
4.229882500000177e-05
4.2299060000001776e-05
4.229929500000178e-05
4.229953000000178e-05
4.2299765000001784e-05
4.230000000000179e-05
4.230023500000179e-05
4.230047000000179e-05
4.2300705000001796e-05
4.23009400000018e-05
4.23011750000018e-05
4.2301410000001804e-05
4.230164500000181e-05
4.230188000000181e-05
4.230211500000181e-05
4.2302350000001816e-05
4.230258500000182e-05
4.230282000000182e-05
4.2303055000001825e-05
4.230329000000183e-05
4.230352500000183e-05
4.230376000000183e-05
4.2303995000001836e-05
4.230423000000184e-05
4.230446500000184e-05
4.234716000000184e-05
4.236923500000184e-05
4.236947000000184e-05
4.2369705000001845e-05
4.236994000000185e-05
4.237017500000185e-05
4.2370410000001854e-05
4.237064500000186e-05
4.237088000000186e-05
4.237111500000186e-05
4.2371350000001866e-05
4.237158500000187e-05
4.237182000000187e-05
4.2372055000001874e-05
4.237229000000188e-05
4.237252500000188e-05
4.237276000000188e-05
4.2372995000001886e-05
4.237323000000189e-05
4.237346500000189e-05
4.2373700000001895e-05
4.23739350000019e-05
4.23741700000019e-05
4.23744050000019e-05
4.2374640000001906e-05
4.237487500000191e-05
4.237511000000191e-05
4.2375345000001915e-05
4.237558000000192e-05
4.237581500000192e-05
4.237605000000192e-05
4.2376285000001926e-05
4.237652000000193e-05
4.237675500000193e-05
4.2376990000001935e-05
4.237722500000194e-05
4.237746000000194e-05
4.2377695000001944e-05
4.2377930000001946e-05
4.237816500000195e-05
4.237840000000195e-05
4.2378635000001955e-05
4.237887000000196e-05
4.237910500000196e-05
4.2379340000001964e-05
4.237957500000197e-05
4.237981000000197e-05
4.238004500000197e-05
4.2380280000001975e-05
4.238051500000198e-05
4.238075000000198e-05
4.2380985000001984e-05
4.238122000000199e-05
4.238145500000199e-05
4.238169000000199e-05
4.2381925000001996e-05
4.2382160000002e-05
4.2382395000002e-05
4.2382630000002004e-05
4.238286500000201e-05
4.238310000000201e-05
4.238333500000201e-05
4.2383570000002016e-05
4.238380500000202e-05
4.238404000000202e-05
4.2384275000002024e-05
4.238451000000203e-05
4.238474500000203e-05
4.238498000000203e-05
4.2385215000002036e-05
4.238545000000204e-05
4.238568500000204e-05
4.2385920000002045e-05
4.238615500000205e-05
4.238639000000205e-05
4.238662500000205e-05
4.2386860000002056e-05
4.238709500000206e-05
4.238733000000206e-05
4.2387565000002065e-05
4.238780000000207e-05
4.238803500000207e-05
4.2388270000002074e-05
4.2388505000002076e-05
4.238874000000208e-05
4.2423280000002076e-05
4.2438075000002075e-05
4.243831000000208e-05
4.243854500000208e-05
4.243878000000208e-05
4.2947930000002085e-05
4.317184500000208e-05
4.3172080000002085e-05
4.317231500000209e-05
4.317255000000209e-05
4.3172785000002094e-05
4.31730200000021e-05
4.31732550000021e-05
4.31734900000021e-05
4.3173725000002105e-05
4.317396000000211e-05
4.317419500000211e-05
4.3174430000002114e-05
4.317466500000212e-05
4.317490000000212e-05
4.317513500000212e-05
4.3175370000002126e-05
4.317560500000213e-05
4.317584000000213e-05
4.3176075000002134e-05
4.326107000000214e-05
4.3304745000002137e-05
4.330498000000214e-05
4.330521500000214e-05
4.3305450000002145e-05
4.3357090000002146e-05
4.3379085000002146e-05
4.337932000000215e-05
4.337955500000215e-05
4.3379790000002155e-05
4.338002500000216e-05
4.338026000000216e-05
4.3380495000002164e-05
4.338073000000217e-05
4.338096500000217e-05
4.339840500000217e-05
4.340600000000217e-05
4.3406235000002175e-05
4.340647000000218e-05
4.340670500000218e-05
4.3406940000002184e-05
4.340717500000219e-05
4.340741000000219e-05
4.340764500000219e-05
4.3407880000002196e-05
4.34081150000022e-05
4.34083500000022e-05
4.3408585000002204e-05
4.340882000000221e-05
4.340905500000221e-05
4.340929000000221e-05
4.3409525000002216e-05
4.340976000000222e-05
4.340999500000222e-05
4.3410230000002225e-05
4.341046500000223e-05
4.341070000000223e-05
4.341093500000223e-05
4.3411170000002236e-05
4.341140500000224e-05
4.341164000000224e-05
4.3411875000002245e-05
4.341211000000225e-05
4.341234500000225e-05
4.3412580000002253e-05
4.3412815000002256e-05
4.341305000000226e-05
4.341328500000226e-05
4.3413520000002265e-05
4.341375500000227e-05
4.341399000000227e-05
4.3414225000002274e-05
4.3414460000002277e-05
4.341469500000228e-05
4.341493000000228e-05
4.3415165000002285e-05
4.341540000000229e-05
4.341563500000229e-05
4.345017500000229e-05
4.349127500000229e-05
4.351343000000229e-05
4.351366500000229e-05
4.3513900000002294e-05
4.35141350000023e-05
4.35143700000023e-05
4.39154650000023e-05
4.40673000000023e-05
4.4067535000002304e-05
4.406777000000231e-05
4.406800500000231e-05
4.406824000000231e-05
4.4068475000002316e-05
4.406871000000232e-05
4.406894500000232e-05
4.4069180000002324e-05
4.406941500000233e-05
4.406965000000233e-05
4.406988500000233e-05
4.4070120000002336e-05
4.407035500000234e-05
4.407059000000234e-05
4.4070825000002345e-05
4.407106000000235e-05
4.407129500000235e-05
4.407153000000235e-05
4.4071765000002356e-05
4.407200000000236e-05
4.407223500000236e-05
4.4072470000002365e-05
4.407270500000237e-05
4.407294000000237e-05
4.4073175000002373e-05
4.4073410000002376e-05
4.407364500000238e-05
4.407388000000238e-05
4.4074115000002385e-05
4.407435000000239e-05
4.407458500000239e-05
4.4074820000002394e-05
4.4075055000002397e-05
4.40752900000024e-05
4.40755250000024e-05
4.4075760000002405e-05
4.407599500000241e-05
4.407623000000241e-05
4.4076465000002414e-05
4.407670000000242e-05
4.407693500000242e-05
4.407717000000242e-05
4.4077405000002425e-05
4.407764000000243e-05
4.407787500000243e-05
4.4078110000002434e-05
4.407834500000244e-05
4.407858000000244e-05
4.407881500000244e-05
4.4079050000002446e-05
4.407928500000245e-05
4.407952000000245e-05
4.4079755000002454e-05
4.4600530000002456e-05
4.483156500000246e-05
4.483180000000246e-05
4.483203500000246e-05
4.4832270000002465e-05
4.5316220000002466e-05
4.5525735000002466e-05
4.552597000000247e-05
4.552620500000247e-05
4.598038000000247e-05
4.616821500000247e-05
4.6168450000002473e-05
4.6168685000002476e-05
4.616892000000248e-05
4.616915500000248e-05
4.6169390000002485e-05
4.616962500000249e-05
4.616986000000249e-05
4.6170095000002494e-05
4.6170330000002497e-05
4.61705650000025e-05
4.61708000000025e-05
4.6171035000002505e-05
4.617127000000251e-05
4.617150500000251e-05
4.6171740000002514e-05
4.617197500000252e-05
4.6917825000002516e-05
4.730734000000252e-05
4.730757500000252e-05
4.730781000000252e-05
4.7308045000002526e-05
4.730828000000253e-05
4.730851500000253e-05
4.735121000000253e-05
4.764112000000253e-05
4.782215500000253e-05
4.782239000000253e-05
4.7822625000002535e-05
4.782286000000254e-05
4.782309500000254e-05
4.782333000000254e-05
4.7823565000002546e-05
4.782380000000255e-05
4.782403500000255e-05
4.7824270000002555e-05
4.782450500000256e-05
4.782474000000256e-05
4.7824975000002563e-05
4.7825210000002566e-05
4.782544500000257e-05
4.782568000000257e-05
4.7825915000002575e-05
4.782615000000258e-05
4.782638500000258e-05
4.7826620000002584e-05
4.7826855000002587e-05
4.793712500000259e-05
4.799528000000259e-05
4.7995515000002594e-05
4.79957500000026e-05
4.79959850000026e-05
4.79962200000026e-05
4.7996455000002606e-05
4.799669000000261e-05
4.811506000000261e-05
4.818041500000261e-05
4.818065000000261e-05
4.818088500000261e-05
4.8181120000002616e-05
4.818135500000262e-05
4.818159000000262e-05
4.8181825000002624e-05
4.818206000000263e-05
4.818229500000263e-05
4.818253000000263e-05
4.8182765000002636e-05
4.818300000000264e-05
4.818323500000264e-05
4.8183470000002644e-05
4.818370500000265e-05
4.818394000000265e-05
4.818417500000265e-05
4.8184410000002656e-05
4.818464500000266e-05
4.818488000000266e-05
4.8185115000002665e-05
4.829538500000267e-05
4.835354000000267e-05
4.835377500000267e-05
4.8354010000002675e-05
4.835424500000268e-05
4.835448000000268e-05
4.8354715000002684e-05
4.835495000000269e-05
4.847332000000269e-05
4.8538675000002685e-05
4.853891000000269e-05
4.853914500000269e-05
4.8539380000002694e-05
4.8539615000002697e-05
4.85398500000027e-05
4.85400850000027e-05
4.8540320000002705e-05
4.854055500000271e-05
4.854079000000271e-05
4.8541025000002714e-05
4.854126000000272e-05
4.854149500000272e-05
4.854173000000272e-05
4.8541965000002725e-05
4.854220000000273e-05
4.865247000000273e-05
4.8710625000002733e-05
4.8710860000002736e-05
4.871109500000274e-05
4.871133000000274e-05
4.928970500000274e-05
4.956394000000274e-05
4.9564175000002745e-05
4.956441000000275e-05
4.956464500000275e-05
4.9564880000002754e-05
4.963285000000275e-05
4.9669405000002754e-05
4.966964000000276e-05
4.966987500000276e-05
4.967011000000276e-05
4.9670345000002766e-05
4.967058000000277e-05
4.967081500000277e-05
5.008353500000277e-05
5.024249000000277e-05
5.024272500000277e-05
5.0242960000002775e-05
5.024319500000278e-05
5.0630715000002776e-05
5.077527000000278e-05
5.077550500000278e-05
5.0775740000002784e-05
5.0775975000002786e-05
5.077621000000279e-05
5.077644500000279e-05
5.0776680000002795e-05
5.07769150000028e-05
5.07771500000028e-05
5.0777385000002804e-05
5.0777620000002807e-05
5.077785500000281e-05
5.077809000000281e-05
5.0778325000002815e-05
5.077856000000282e-05
5.077879500000282e-05
5.117989000000282e-05
5.133172500000282e-05
5.1331960000002825e-05
5.184111000000283e-05
5.2065025000002824e-05
5.206526000000283e-05
5.206549500000283e-05
5.206573000000283e-05
5.2065965000002836e-05
5.2306660000002835e-05
5.2443935000002836e-05
5.244417000000284e-05
5.289834500000284e-05
5.308618000000284e-05
5.314597500000284e-05
5.317525000000284e-05
5.3175485000002844e-05
5.3192925000002845e-05
5.320052000000285e-05
5.320075500000285e-05
5.320099000000285e-05
5.3201225000002856e-05
5.320146000000286e-05
5.320169500000286e-05
5.3201930000002865e-05
5.320216500000287e-05
5.320240000000287e-05
5.320263500000287e-05
5.3202870000002876e-05
5.320310500000288e-05
5.320334000000288e-05
5.3203575000002885e-05
5.320381000000289e-05
5.320404500000289e-05
5.3204280000002894e-05
5.3238895000002896e-05
5.325377000000289e-05
5.3254005000002896e-05
5.32542400000029e-05
5.32544750000029e-05
5.3254710000002905e-05
5.325494500000291e-05
5.325518000000291e-05
5.325541500000291e-05
5.3255650000002916e-05
5.325588500000292e-05
5.325612000000292e-05
5.3256355000002925e-05
5.325659000000293e-05
5.325682500000293e-05
5.3257060000002933e-05
5.3257295000002936e-05
5.325753000000294e-05
5.325776500000294e-05
5.3258000000002945e-05
5.325823500000295e-05
5.325847000000295e-05
5.3258705000002954e-05
5.3258940000002957e-05
5.325917500000296e-05
5.325941000000296e-05
5.3259645000002965e-05
5.325988000000297e-05
5.326011500000297e-05
5.3260350000002974e-05
5.326058500000298e-05
5.326082000000298e-05
5.326105500000298e-05
5.3261290000002985e-05
5.326152500000299e-05
5.326176000000299e-05
5.3261995000002994e-05
5.3262230000003e-05
5.3262465000003e-05
5.3262700000003e-05
5.3262935000003006e-05
5.326317000000301e-05
5.326340500000301e-05
5.3263640000003014e-05
5.326387500000302e-05
5.326411000000302e-05
5.326434500000302e-05
5.3264580000003026e-05
5.326481500000303e-05
5.326505000000303e-05
5.3265285000003034e-05
5.326552000000304e-05
5.326575500000304e-05
5.326599000000304e-05
5.3266225000003046e-05
5.326646000000305e-05
5.326669500000305e-05
5.3266930000003055e-05
5.326716500000306e-05
5.326740000000306e-05
5.326763500000306e-05
5.3267870000003066e-05
5.326810500000307e-05
5.326834000000307e-05
5.3268575000003075e-05
5.326881000000308e-05
5.326904500000308e-05
5.3269280000003084e-05
5.3269515000003086e-05
5.326975000000309e-05
5.326998500000309e-05
5.3270220000003095e-05
5.32704550000031e-05
5.32706900000031e-05
5.3270925000003104e-05
5.327116000000311e-05
5.327139500000311e-05
5.327163000000311e-05
5.3271865000003115e-05
5.327210000000312e-05
5.327233500000312e-05
5.3272570000003124e-05
5.327280500000313e-05
5.327304000000313e-05
5.327327500000313e-05
5.3273510000003136e-05
5.327374500000314e-05
5.327398000000314e-05
5.3274215000003144e-05
5.327445000000315e-05
5.327468500000315e-05
5.327492000000315e-05
5.3275155000003156e-05
5.327539000000316e-05
5.327562500000316e-05
5.3275860000003164e-05
5.327609500000317e-05
5.327633000000317e-05
5.327656500000317e-05
5.3276800000003176e-05
5.327703500000318e-05
5.327727000000318e-05
5.3277505000003185e-05
5.327774000000319e-05
5.327797500000319e-05
5.327821000000319e-05
5.3278445000003196e-05
5.32786800000032e-05
5.32789150000032e-05
5.33387850000032e-05
5.33681400000032e-05
5.3368375000003206e-05
5.336861000000321e-05
5.336884500000321e-05
5.3369080000003214e-05
5.336931500000322e-05
5.336955000000322e-05
5.336978500000322e-05
5.3370020000003226e-05
5.337025500000323e-05
5.337049000000323e-05
5.3370725000003234e-05
5.337096000000324e-05
5.337119500000324e-05
5.337143000000324e-05
5.3371665000003246e-05
5.337190000000325e-05
5.337213500000325e-05
5.3372370000003255e-05
5.337260500000326e-05
5.337284000000326e-05
5.337307500000326e-05
5.3373310000003266e-05
5.337354500000327e-05
5.337378000000327e-05
5.3374015000003275e-05
5.337425000000328e-05
5.337448500000328e-05
5.3374720000003284e-05
5.3374955000003286e-05
5.337519000000329e-05
5.337542500000329e-05
5.3375660000003295e-05
5.33758950000033e-05
5.33761300000033e-05
5.3376365000003304e-05
5.337660000000331e-05
5.337683500000331e-05
5.337707000000331e-05
5.3377305000003315e-05
5.337754000000332e-05
5.337777500000332e-05
5.3378010000003324e-05
5.337824500000333e-05
5.337848000000333e-05
5.337871500000333e-05
5.3378950000003336e-05
5.337918500000334e-05
5.337942000000334e-05
5.3379655000003344e-05
5.337989000000335e-05
5.338012500000335e-05
5.338036000000335e-05
5.3380595000003356e-05
5.338083000000336e-05
5.338106500000336e-05
5.3381300000003364e-05
5.346629500000337e-05
5.350997000000337e-05
5.351020500000337e-05
5.351044000000337e-05
5.3510675000003375e-05
5.351091000000338e-05
5.351114500000338e-05
5.3511380000003384e-05
5.351161500000339e-05
5.351185000000339e-05
5.351208500000339e-05
5.352960000000339e-05
5.353727500000339e-05
5.3537510000003396e-05
5.35377450000034e-05
5.35379800000034e-05
5.3538215000003405e-05
5.353845000000341e-05
5.353868500000341e-05
5.353892000000341e-05
5.396789500000341e-05
5.4141330000003413e-05
5.4141565000003416e-05
5.414180000000342e-05
5.414203500000342e-05
5.4142270000003425e-05
5.414250500000343e-05
5.414274000000343e-05
5.4142975000003434e-05
5.4143210000003437e-05
5.414344500000344e-05
5.414368000000344e-05
5.4143915000003445e-05
5.414415000000345e-05
5.414438500000345e-05
5.4144620000003454e-05
5.414485500000346e-05
5.414509000000346e-05
5.414532500000346e-05
5.4145560000003465e-05
5.414579500000347e-05
5.414603000000347e-05
5.4146265000003474e-05
5.414650000000348e-05
5.414673500000348e-05
5.414697000000348e-05
5.4147205000003486e-05
5.414744000000349e-05
5.414767500000349e-05
5.4147910000003494e-05
5.41481450000035e-05
5.41483800000035e-05
5.41486150000035e-05
5.4148850000003506e-05
5.414908500000351e-05
5.414932000000351e-05
5.4149555000003514e-05
5.4217450000003514e-05
5.425392500000351e-05
5.4254160000003514e-05
5.425439500000352e-05
5.425463000000352e-05
5.425486500000352e-05
5.4255100000003525e-05
5.425533500000353e-05
5.425557000000353e-05
5.447106500000353e-05
5.4593940000003526e-05
5.459417500000353e-05
5.459441000000353e-05
5.4594645000003534e-05
5.459488000000354e-05
5.459511500000354e-05
5.459535000000354e-05
5.4595585000003546e-05
5.459582000000355e-05
5.459605500000355e-05
5.4596290000003555e-05
5.459652500000356e-05
5.459676000000356e-05
5.459699500000356e-05
5.4597230000003566e-05
5.459746500000357e-05
5.459770000000357e-05
5.4597935000003575e-05
5.459817000000358e-05
5.459840500000358e-05
5.459864000000358e-05
5.4598875000003586e-05
5.459911000000359e-05
5.459934500000359e-05
5.4599580000003595e-05
5.45998150000036e-05
5.46000500000036e-05
5.4600285000003604e-05
5.4600520000003606e-05
5.4643215000003605e-05
5.4665290000003604e-05
5.466552500000361e-05
5.466576000000361e-05
5.466599500000361e-05
5.4666230000003616e-05
5.466646500000362e-05
5.466670000000362e-05
5.4666935000003624e-05
5.466717000000363e-05
5.466740500000363e-05
5.466764000000363e-05
5.4667875000003636e-05
5.466811000000364e-05
5.466834500000364e-05
5.4668580000003645e-05
5.466881500000365e-05
5.466905000000365e-05
5.466928500000365e-05
5.4669520000003656e-05
5.466975500000366e-05
5.466999000000366e-05
5.4670225000003665e-05
5.467046000000367e-05
5.467069500000367e-05
5.4670930000003673e-05
5.4671165000003676e-05
5.467140000000368e-05
5.467163500000368e-05
5.4671870000003685e-05
5.467210500000369e-05
5.467234000000369e-05
5.4672575000003694e-05
5.4672810000003697e-05
5.46730450000037e-05
5.46732800000037e-05
5.4673515000003705e-05
5.467375000000371e-05
5.467398500000371e-05
5.4674220000003714e-05
5.467445500000372e-05
5.467469000000372e-05
5.467492500000372e-05
5.4675160000003725e-05
5.467539500000373e-05
5.467563000000373e-05
5.4675865000003734e-05
5.467610000000374e-05
5.467633500000374e-05
5.467657000000374e-05
5.4676805000003746e-05
5.467704000000375e-05
5.467727500000375e-05
5.4677510000003754e-05
5.467774500000376e-05
5.467798000000376e-05
5.467821500000376e-05
5.4678450000003766e-05
5.467868500000377e-05
5.467892000000377e-05
5.4679155000003774e-05
5.467939000000378e-05
5.467962500000378e-05
5.467986000000378e-05
5.4680095000003786e-05
5.468033000000379e-05
5.468056500000379e-05
5.4680800000003795e-05
5.46810350000038e-05
5.46812700000038e-05
5.46815050000038e-05
5.4681740000003806e-05
5.468197500000381e-05
5.468221000000381e-05
5.4682445000003815e-05
5.468268000000382e-05
5.468291500000382e-05
5.4683150000003824e-05
5.4683385000003826e-05
5.468362000000383e-05
5.468385500000383e-05
5.4684090000003835e-05
5.468432500000384e-05
5.468456000000384e-05
5.4684795000003844e-05
5.468503000000385e-05
5.468526500000385e-05
5.468550000000385e-05
5.4685735000003855e-05
5.468597000000386e-05
5.468620500000386e-05
5.4686440000003864e-05
5.468667500000387e-05
5.468691000000387e-05
5.468714500000387e-05
5.4687380000003876e-05
5.468761500000388e-05
5.468785000000388e-05
5.4688085000003884e-05
5.468832000000389e-05
5.468855500000389e-05
5.468879000000389e-05
5.4689025000003896e-05
5.46892600000039e-05
5.46894950000039e-05
5.4689730000003904e-05
5.468996500000391e-05
5.469020000000391e-05
5.469043500000391e-05
5.4690670000003916e-05
5.469090500000392e-05
5.469114000000392e-05
5.4691375000003925e-05
5.469161000000393e-05
5.469184500000393e-05
5.469208000000393e-05
5.4692315000003936e-05
5.469255000000394e-05
5.469278500000394e-05
5.4693020000003945e-05
5.469325500000395e-05
5.469349000000395e-05
5.4693725000003953e-05
5.4693960000003956e-05
5.469419500000396e-05
5.469443000000396e-05
5.4694665000003965e-05
5.469490000000397e-05
5.469513500000397e-05
5.4695370000003974e-05
5.4695605000003977e-05
5.469584000000398e-05
5.469607500000398e-05
5.4696310000003985e-05
5.469654500000399e-05
5.469678000000399e-05
5.4697015000003994e-05
5.4697250000004e-05
5.4697485000004e-05
5.4697720000004e-05
5.4697955000004005e-05
5.469819000000401e-05
5.469842500000401e-05
5.4698660000004014e-05
5.469889500000402e-05
5.469913000000402e-05
5.469936500000402e-05
5.4699600000004026e-05
5.469983500000403e-05
5.470007000000403e-05
5.4700305000004034e-05
5.470054000000404e-05
5.470077500000404e-05
5.470101000000404e-05
5.4701245000004046e-05
5.470148000000405e-05
5.470171500000405e-05
5.4701950000004055e-05
5.470218500000406e-05
5.470242000000406e-05
5.470265500000406e-05
5.4702890000004066e-05
5.470312500000407e-05
5.470336000000407e-05
5.4703595000004075e-05
5.470383000000408e-05
5.470406500000408e-05
5.4704300000004083e-05
5.4704535000004086e-05
5.470477000000409e-05
5.470500500000409e-05
5.4705240000004095e-05
5.47054750000041e-05
5.47057100000041e-05
5.4705945000004104e-05
5.4706180000004107e-05
5.470641500000411e-05
5.470665000000411e-05
5.4706885000004115e-05
5.470712000000412e-05
5.470735500000412e-05
5.4707590000004124e-05
5.470782500000413e-05
5.470806000000413e-05
5.470829500000413e-05
5.4708530000004135e-05
5.470876500000414e-05
5.470900000000414e-05
5.4709235000004144e-05
5.470947000000415e-05
5.470970500000415e-05
5.470994000000415e-05
5.4710175000004156e-05
5.471041000000416e-05
5.471064500000416e-05
5.4710880000004164e-05
5.471111500000417e-05
5.471135000000417e-05
5.471158500000417e-05
5.4711820000004176e-05
5.471205500000418e-05
5.471229000000418e-05
5.4712525000004184e-05
5.471276000000419e-05
5.471299500000419e-05
5.475576500000419e-05
5.4777920000004185e-05
5.477815500000419e-05
5.477839000000419e-05
5.4778625000004194e-05
5.47788600000042e-05
5.47790950000042e-05
5.47793300000042e-05
5.4779565000004205e-05
5.477980000000421e-05
5.478003500000421e-05
5.4780270000004214e-05
5.478050500000422e-05
5.478074000000422e-05
5.478097500000422e-05
5.484887000000422e-05
5.488534500000422e-05
5.488558000000422e-05
5.4885815000004225e-05
5.488605000000423e-05
5.490349000000423e-05
5.491108500000423e-05
5.4911320000004234e-05
5.491155500000424e-05
5.491179000000424e-05
5.491202500000424e-05
5.4912260000004245e-05
5.491249500000425e-05
5.491273000000425e-05
5.4912965000004254e-05
5.491320000000426e-05
5.491343500000426e-05
5.491367000000426e-05
5.493111000000426e-05
5.4938705000004266e-05
5.493894000000427e-05
5.493917500000427e-05
5.4939410000004274e-05
5.493964500000428e-05
5.493988000000428e-05
5.494011500000428e-05
5.4940350000004286e-05
5.494058500000429e-05
5.494082000000429e-05
5.4941055000004295e-05
5.49412900000043e-05
5.49415250000043e-05
5.49417600000043e-05
5.4941995000004306e-05
5.494223000000431e-05
5.494246500000431e-05
5.4942700000004315e-05
5.494293500000432e-05
5.494317000000432e-05
5.4943405000004323e-05
5.4943640000004326e-05
5.494387500000433e-05
5.494411000000433e-05
5.4944345000004335e-05
5.494458000000434e-05
5.494481500000434e-05
5.4945050000004344e-05
5.4945285000004347e-05
5.494552000000435e-05
5.494575500000435e-05
5.4945990000004355e-05
5.494622500000436e-05
5.494646000000436e-05
5.4946695000004364e-05
5.494693000000437e-05
5.494716500000437e-05
5.494740000000437e-05
5.4947635000004375e-05
5.494787000000438e-05
5.494810500000438e-05
5.4948340000004384e-05
5.494857500000439e-05
5.494881000000439e-05
5.494904500000439e-05
5.4949280000004396e-05
5.49495150000044e-05
5.49497500000044e-05
5.4949985000004404e-05
5.495022000000441e-05
5.495045500000441e-05
5.495069000000441e-05
5.4950925000004416e-05
5.495116000000442e-05
5.495139500000442e-05
5.4951630000004424e-05
5.495186500000443e-05
5.495210000000443e-05
5.495233500000443e-05
5.4952570000004436e-05
5.495280500000444e-05
5.495304000000444e-05
5.4953275000004445e-05
5.495351000000445e-05
5.495374500000445e-05
5.495398000000445e-05
5.4954215000004456e-05
5.495445000000446e-05
5.495468500000446e-05
5.4954920000004465e-05
5.495515500000447e-05
5.495539000000447e-05
5.4955625000004474e-05
5.4955860000004476e-05
5.495609500000448e-05
5.495633000000448e-05
5.4956565000004485e-05
5.495680000000449e-05
5.495703500000449e-05
5.4957270000004494e-05
5.49575050000045e-05
5.49577400000045e-05
5.49579750000045e-05
5.4958210000004505e-05
5.495844500000451e-05
5.495868000000451e-05
5.4958915000004514e-05
5.495915000000452e-05
5.495938500000452e-05
5.495962000000452e-05
5.4959855000004526e-05
5.496009000000453e-05
5.496032500000453e-05
5.4960560000004534e-05
5.496079500000454e-05
5.496103000000454e-05
5.496126500000454e-05
5.4961500000004546e-05
5.496173500000455e-05
5.496197000000455e-05
5.4962205000004554e-05
5.5013920000004554e-05
5.503599500000455e-05
5.5036230000004556e-05
5.503646500000456e-05
5.503670000000456e-05
5.5036935000004564e-05
5.503717000000457e-05
5.503740500000457e-05
5.503764000000457e-05
5.5037875000004576e-05
5.503811000000458e-05
5.503834500000458e-05
5.5038580000004585e-05
5.503881500000459e-05
5.503905000000459e-05
5.503928500000459e-05
5.5039520000004596e-05
5.50397550000046e-05
5.50399900000046e-05
5.5040225000004605e-05
5.504046000000461e-05
5.504069500000461e-05
5.5040930000004614e-05
5.5041165000004616e-05
5.504140000000462e-05
5.504163500000462e-05
5.5041870000004625e-05
5.504210500000463e-05
5.504234000000463e-05
5.5042575000004634e-05
5.5042810000004637e-05
5.504304500000464e-05
5.504328000000464e-05
5.5043515000004645e-05
5.504375000000465e-05
5.504398500000465e-05
5.5044220000004654e-05
5.504445500000466e-05
5.504469000000466e-05
5.504492500000466e-05
5.5045160000004665e-05
5.504539500000467e-05
5.504563000000467e-05
5.5045865000004674e-05
5.504610000000468e-05
5.504633500000468e-05
5.504657000000468e-05
5.5046805000004686e-05
5.504704000000469e-05
5.504727500000469e-05
5.5047510000004694e-05
5.5064950000004695e-05
5.50725450000047e-05
5.50727800000047e-05
5.50730150000047e-05
5.5073250000004706e-05
5.507348500000471e-05
5.507372000000471e-05
5.5073955000004715e-05
5.507419000000472e-05
5.507442500000472e-05
5.507466000000472e-05
5.5074895000004726e-05
5.507513000000473e-05
5.507536500000473e-05
5.5075600000004735e-05
5.507583500000474e-05
5.507607000000474e-05
5.5076305000004744e-05
5.5093745000004744e-05
5.510134000000475e-05
5.510157500000475e-05
5.510181000000475e-05
5.5102045000004755e-05
5.510228000000476e-05
5.510251500000476e-05
5.5102750000004764e-05
5.510298500000477e-05
5.510322000000477e-05
5.510345500000477e-05
5.5103690000004776e-05
5.510392500000478e-05
5.510416000000478e-05
5.5104395000004784e-05
5.510463000000479e-05
5.510486500000479e-05
5.510510000000479e-05
5.5105335000004796e-05
5.51055700000048e-05
5.51058050000048e-05
5.5106040000004804e-05
5.510627500000481e-05
5.510651000000481e-05
5.510674500000481e-05
5.5106980000004816e-05
5.510721500000482e-05
5.510745000000482e-05
5.5107685000004825e-05
5.510792000000483e-05
5.510815500000483e-05
5.510839000000483e-05
5.5108625000004836e-05
5.510886000000484e-05
5.510909500000484e-05
5.5109330000004845e-05
5.510956500000485e-05
5.510980000000485e-05
5.5110035000004853e-05
5.5110270000004856e-05
5.511050500000486e-05
5.511074000000486e-05
5.5110975000004865e-05
5.511121000000487e-05
5.511144500000487e-05
5.5111680000004874e-05
5.5111915000004877e-05
5.511215000000488e-05
5.511238500000488e-05
5.5112620000004885e-05
5.511285500000489e-05
5.511309000000489e-05
5.5113325000004894e-05
5.51135600000049e-05
5.51137950000049e-05
5.51140300000049e-05
5.5114265000004905e-05
5.511450000000491e-05
5.511473500000491e-05
5.5114970000004914e-05
5.511520500000492e-05
5.511544000000492e-05
5.518341000000492e-05
5.521996500000492e-05
5.522020000000492e-05
5.5220435000004926e-05
5.522067000000493e-05
5.522090500000493e-05
5.5221140000004935e-05
5.522137500000494e-05
5.522161000000494e-05
5.5221845000004943e-05
5.5222080000004946e-05
5.522231500000495e-05
5.522255000000495e-05
5.5222785000004955e-05
5.522302000000496e-05
5.522325500000496e-05
5.563597500000496e-05
5.579493000000496e-05
5.579516500000496e-05
5.5795400000004965e-05
5.579563500000497e-05
5.579587000000497e-05
5.5796105000004973e-05
5.5796340000004976e-05
5.579657500000498e-05
5.581401500000498e-05
5.582161000000498e-05
5.5821845000004985e-05
5.582208000000499e-05
5.582231500000499e-05
5.5822550000004994e-05
5.5839990000004994e-05
5.5847585000005e-05
5.5847820000005e-05
5.5848055000005e-05
5.5848290000005006e-05
5.584852500000501e-05
5.705074000000501e-05
5.770673500000501e-05
5.7706970000005014e-05
5.770720500000502e-05
5.770744000000502e-05
5.770767500000502e-05
5.7707910000005026e-05
5.770814500000503e-05
5.775084000000503e-05
5.7772915000005026e-05
5.777315000000503e-05
5.777338500000503e-05
5.782502500000503e-05
5.784702000000503e-05
5.7847255000005036e-05
5.784749000000504e-05
5.784772500000504e-05
5.7847960000005045e-05
5.784819500000505e-05
5.784843000000505e-05
5.784866500000505e-05
5.7848900000005056e-05
5.784913500000506e-05
5.784937000000506e-05
5.7849605000005065e-05
5.784984000000507e-05
5.785007500000507e-05
5.7850310000005073e-05
5.7850545000005076e-05
5.785078000000508e-05
5.785101500000508e-05
5.7851250000005085e-05
5.785148500000509e-05
5.785172000000509e-05
5.7851955000005094e-05
5.7852190000005097e-05
5.78524250000051e-05
5.78526600000051e-05
5.7852895000005105e-05
5.785313000000511e-05
5.785336500000511e-05
5.7853600000005114e-05
5.785383500000512e-05
5.785407000000512e-05
5.785430500000512e-05
5.7854540000005125e-05
5.785477500000513e-05
5.785501000000513e-05
5.7855245000005134e-05
5.785548000000514e-05
5.785571500000514e-05
5.832346500000514e-05
5.851858000000514e-05
5.8518815000005144e-05
5.851905000000515e-05
5.851928500000515e-05
5.851952000000515e-05
5.8519755000005155e-05
5.851999000000516e-05
5.852022500000516e-05
5.8520460000005164e-05
5.8537900000005164e-05
5.854549500000517e-05
5.854573000000517e-05
5.854596500000517e-05
5.8546200000005176e-05
5.854643500000518e-05
5.854667000000518e-05
5.8546905000005184e-05
5.854714000000519e-05
5.854737500000519e-05
5.854761000000519e-05
5.8632680000005195e-05
5.867643500000519e-05
5.8676670000005195e-05
5.86769050000052e-05
5.86771400000052e-05
5.8677375000005204e-05
5.867761000000521e-05
5.867784500000521e-05
5.867808000000521e-05
5.8678315000005216e-05
5.867855000000522e-05
5.867878500000522e-05
5.8679020000005224e-05
5.867925500000523e-05
5.867949000000523e-05
5.867972500000523e-05
5.8679960000005236e-05
5.868019500000524e-05
5.868043000000524e-05
5.8680665000005245e-05
5.868090000000525e-05
5.868113500000525e-05
5.868137000000525e-05
5.8681605000005256e-05
5.868184000000526e-05
5.868207500000526e-05
5.8682310000005265e-05
5.868254500000527e-05
5.868278000000527e-05
5.8683015000005273e-05
5.8683250000005276e-05
5.868348500000528e-05
5.868372000000528e-05
5.8683955000005285e-05
5.868419000000529e-05
5.868442500000529e-05
5.8684660000005294e-05
5.8684895000005296e-05
5.86851300000053e-05
5.86853650000053e-05
5.8685600000005305e-05
5.868583500000531e-05
5.868607000000531e-05
5.8686305000005314e-05
5.875420000000531e-05
5.883053000000531e-05
5.887436500000531e-05
5.887460000000531e-05
5.8874835000005316e-05
5.887507000000532e-05
5.887530500000532e-05
5.8875540000005325e-05
5.887577500000533e-05
5.887601000000533e-05
5.887624500000533e-05
5.8876480000005336e-05
5.887671500000534e-05
5.887695000000534e-05
5.8877185000005345e-05
5.887742000000535e-05
5.887765500000535e-05
5.8877890000005353e-05
5.8878125000005356e-05
5.887836000000536e-05
5.887859500000536e-05
5.8878830000005365e-05
5.887906500000537e-05
5.887930000000537e-05
5.8879535000005374e-05
5.8879770000005377e-05
5.888000500000538e-05
5.888024000000538e-05
5.8880475000005385e-05
5.888071000000539e-05
5.888094500000539e-05
5.8881180000005394e-05
5.88814150000054e-05
5.88816500000054e-05
5.88818850000054e-05
5.8882120000005405e-05
5.888235500000541e-05
5.888259000000541e-05
5.8882825000005414e-05
5.888306000000542e-05
5.888329500000542e-05
5.888353000000542e-05
5.8883765000005426e-05
5.888400000000543e-05
5.888423500000543e-05
5.8884470000005434e-05
5.888470500000544e-05
5.888494000000544e-05
5.888517500000544e-05
5.8885410000005446e-05
5.888564500000545e-05
5.888588000000545e-05
5.8886115000005454e-05
5.888635000000546e-05
5.888658500000546e-05
5.888682000000546e-05
5.8887055000005466e-05
5.888729000000547e-05
5.888752500000547e-05
5.8887760000005475e-05
5.888799500000548e-05
5.888823000000548e-05
5.888846500000548e-05
5.8888700000005486e-05
5.888893500000549e-05
5.888917000000549e-05
5.8889405000005495e-05
5.88896400000055e-05
5.88898750000055e-05
5.8890110000005504e-05
5.8890345000005506e-05
5.889058000000551e-05
5.889081500000551e-05
5.8891050000005515e-05
5.889128500000552e-05
5.889152000000552e-05
5.8891755000005524e-05
5.889199000000553e-05
5.889222500000553e-05
5.889246000000553e-05
5.8892695000005535e-05
5.889293000000554e-05
5.889316500000554e-05
5.8893400000005544e-05
5.889363500000555e-05
5.889387000000555e-05
5.889410500000555e-05
5.8894340000005555e-05
5.889457500000556e-05
5.889481000000556e-05
5.8895045000005564e-05
5.889528000000557e-05
5.889551500000557e-05
5.889575000000557e-05
5.8895985000005576e-05
5.889622000000558e-05
5.889645500000558e-05
5.8896690000005584e-05
5.889692500000559e-05
5.889716000000559e-05
5.889739500000559e-05
5.8897630000005596e-05
5.88978650000056e-05
5.88981000000056e-05
5.8898335000005605e-05
5.889857000000561e-05
5.889880500000561e-05
5.889904000000561e-05
5.8899275000005616e-05
5.889951000000562e-05
5.889974500000562e-05
5.8899980000005625e-05
5.890021500000563e-05
5.890045000000563e-05
5.8900685000005633e-05
5.8900920000005636e-05
5.890115500000564e-05
5.890139000000564e-05
5.8901625000005645e-05
5.890186000000565e-05
5.890209500000565e-05
5.8902330000005654e-05
5.8902565000005657e-05
5.890280000000566e-05
5.890303500000566e-05
5.8903270000005665e-05
5.890350500000567e-05
5.890374000000567e-05
5.8903975000005674e-05
5.890421000000568e-05
5.890444500000568e-05
5.890468000000568e-05
5.8904915000005685e-05
5.890515000000569e-05
5.890538500000569e-05
5.8905620000005694e-05
5.89058550000057e-05
5.89060900000057e-05
5.89063250000057e-05
5.8906560000005706e-05
5.890679500000571e-05
5.890703000000571e-05
5.8907265000005714e-05
5.890750000000572e-05
5.890773500000572e-05
5.890797000000572e-05
5.8908205000005726e-05
5.890844000000573e-05
5.890867500000573e-05
5.8908910000005734e-05
5.890914500000574e-05
5.890938000000574e-05
5.890961500000574e-05
5.8909850000005746e-05
5.891008500000575e-05
5.891032000000575e-05
5.8910555000005755e-05
5.891079000000576e-05
5.891102500000576e-05
5.891126000000576e-05
5.8911495000005766e-05
5.891173000000577e-05
5.891196500000577e-05
5.8971760000005774e-05
5.9001035000005776e-05
5.900127000000578e-05
5.900150500000578e-05
5.9001740000005784e-05
5.900197500000579e-05
5.900221000000579e-05
5.900244500000579e-05
5.9002680000005796e-05
5.90029150000058e-05
5.90031500000058e-05
5.9003385000005804e-05
5.900362000000581e-05
5.900385500000581e-05
5.900409000000581e-05
5.9004325000005816e-05
5.900456000000582e-05
5.900479500000582e-05
5.9005030000005825e-05
5.900526500000583e-05
5.900550000000583e-05
5.900573500000583e-05
5.9005970000005836e-05
5.900620500000584e-05
5.900644000000584e-05
5.9006675000005845e-05
5.900691000000585e-05
5.900714500000585e-05
5.9007380000005854e-05
5.9007615000005856e-05
5.902505500000586e-05
5.903265000000586e-05
5.903288500000586e-05
5.9033120000005865e-05
5.903335500000587e-05
5.903359000000587e-05
5.9033825000005874e-05
5.903406000000588e-05
5.903429500000588e-05
5.903453000000588e-05
5.9034765000005885e-05
5.903500000000589e-05
5.903523500000589e-05
5.9035470000005894e-05
5.90357050000059e-05
5.90359400000059e-05
5.90361750000059e-05
5.9036410000005906e-05
5.903664500000591e-05
5.903688000000591e-05
5.9037115000005914e-05
5.903735000000592e-05
5.903758500000592e-05
5.903782000000592e-05
5.9038055000005926e-05
5.903829000000593e-05
5.903852500000593e-05
5.9038760000005935e-05
5.903899500000594e-05
5.903923000000594e-05
5.903946500000594e-05
5.9039700000005946e-05
5.903993500000595e-05
5.904017000000595e-05
5.9040405000005955e-05
5.904064000000596e-05
5.904087500000596e-05
5.904111000000596e-05
5.9041345000005966e-05
5.904158000000597e-05
5.910955000000597e-05
5.923396500000597e-05
5.932868000000597e-05
5.932891500000597e-05
5.9329150000005974e-05
5.932938500000598e-05
5.932962000000598e-05
5.932985500000598e-05
5.9330090000005986e-05
5.933032500000599e-05
5.933056000000599e-05
5.9330795000005994e-05
5.9331030000006e-05
5.9331265000006e-05
5.9331500000006e-05
5.9331735000006006e-05
5.933197000000601e-05
5.933220500000601e-05
5.9332440000006015e-05
5.933267500000602e-05
5.933291000000602e-05
5.933314500000602e-05
5.9333380000006026e-05
5.933361500000603e-05
5.933385000000603e-05
5.9334085000006035e-05
5.933432000000604e-05
5.933455500000604e-05
5.9334790000006044e-05
5.9335025000006046e-05
5.939489500000605e-05
5.942425000000605e-05
5.950924500000605e-05
5.955292000000605e-05
5.955315500000605e-05
5.9553390000006055e-05
5.955362500000606e-05
5.955386000000606e-05
5.9554095000006064e-05
5.955433000000607e-05
5.955456500000607e-05
5.955480000000607e-05
5.9555035000006076e-05
5.955527000000608e-05
5.955550500000608e-05
5.9555740000006084e-05
5.955597500000609e-05
5.955621000000609e-05
5.955644500000609e-05
5.9556680000006096e-05
5.95569150000061e-05
5.95571500000061e-05
5.9557385000006104e-05
5.955762000000611e-05
5.955785500000611e-05
5.955809000000611e-05
5.9558325000006116e-05
5.955856000000612e-05
5.955879500000612e-05
5.9559030000006125e-05
5.955926500000613e-05
5.955950000000613e-05
5.955973500000613e-05
5.9559970000006136e-05
5.956020500000614e-05
5.997292500000614e-05
6.013188000000614e-05
6.013211500000614e-05
6.013235000000614e-05
6.0132585000006146e-05
6.013282000000615e-05
6.013305500000615e-05
6.0653830000006153e-05
6.0884865000006154e-05
6.088510000000616e-05
6.133927500000616e-05
6.152711000000616e-05
6.152734500000615e-05
6.152758000000615e-05
6.152781500000614e-05
6.152805000000614e-05
6.152828500000614e-05
6.152852000000613e-05
6.152875500000613e-05
6.152899000000612e-05
6.152922500000612e-05
6.152946000000612e-05
6.152969500000611e-05
6.152993000000611e-05
6.15301650000061e-05
6.15304000000061e-05
6.15479150000061e-05
6.15945450000061e-05
6.16167800000061e-05
6.16342200000061e-05
6.16418150000061e-05
6.164205000000609e-05
6.164228500000609e-05
6.164252000000608e-05
6.164275500000608e-05
6.164299000000608e-05
6.164322500000607e-05
6.164346000000607e-05
6.164369500000607e-05
6.164393000000606e-05
6.164416500000606e-05
6.207046000000606e-05
6.223669500000605e-05
6.223693000000605e-05
6.223716500000604e-05
6.223740000000604e-05
6.223763500000604e-05
6.223787000000603e-05
6.223810500000603e-05
6.223834000000602e-05
6.223857500000602e-05
6.223881000000602e-05
6.223904500000601e-05
6.223928000000601e-05
6.2239515000006e-05
6.2239750000006e-05
6.2239985000006e-05
6.224022000000599e-05
6.224045500000599e-05
6.224069000000598e-05
6.224092500000598e-05
6.224116000000598e-05
6.224139500000597e-05
6.224163000000597e-05
6.224186500000597e-05
6.224210000000596e-05
6.224233500000596e-05
6.224257000000595e-05
6.224280500000595e-05
6.224304000000595e-05
6.265576000000595e-05
6.281471500000595e-05
6.320223500000595e-05
6.334679000000595e-05
6.334702500000595e-05
6.334726000000594e-05
6.334749500000594e-05
6.334773000000593e-05
6.334796500000593e-05
6.334820000000593e-05
6.334843500000592e-05
6.334867000000592e-05
6.334890500000592e-05
6.334914000000591e-05
6.334937500000591e-05
6.33496100000059e-05
6.33498450000059e-05
6.33843850000059e-05
6.33991800000059e-05
6.33994150000059e-05
6.33996500000059e-05
6.339988500000589e-05
6.340012000000589e-05