3.873000000000001e-07
5.316950000000002e-07
9.192150000000003e-07
1.0637700000000003e-06
1.0640050000000002e-06
1.0642400000000002e-06
1.064475e-06
1.451995e-06
1.5965500000000002e-06
1.9840700000000002e-06
2.1286250000000003e-06
2.1288600000000002e-06
2.129095e-06
2.12933e-06
2.129565e-06
2.1298e-06
2.130035e-06
2.1302699999999998e-06
2.1305049999999997e-06
2.1307399999999996e-06
2.1309749999999995e-06
2.1312099999999995e-06
2.1314449999999994e-06
2.1316799999999993e-06
2.1319149999999992e-06
2.132149999999999e-06
2.132384999999999e-06
2.132619999999999e-06
2.132854999999999e-06
2.133089999999999e-06
2.1333249999999988e-06
2.1335599999999987e-06
2.1337949999999986e-06
2.1340299999999985e-06
2.1342649999999984e-06
2.1344999999999984e-06
2.1347349999999983e-06
2.1349699999999982e-06
2.135204999999998e-06
2.135439999999998e-06
2.135674999999998e-06
2.135909999999998e-06
2.136144999999998e-06
2.1363799999999977e-06
2.1366149999999977e-06
2.1368499999999976e-06
2.1370849999999975e-06
2.1373199999999974e-06
2.1375549999999974e-06
2.1377899999999973e-06
2.138024999999997e-06
2.138259999999997e-06
2.138494999999997e-06
2.138729999999997e-06
2.138964999999997e-06
2.139199999999997e-06
2.1394349999999967e-06
2.1396699999999967e-06
2.1399049999999966e-06
2.1401399999999965e-06
2.1403749999999964e-06
2.5278949999999967e-06
2.6724499999999967e-06
2.6726849999999967e-06
2.6729199999999966e-06
2.6731549999999965e-06
2.6733899999999964e-06
2.6736249999999964e-06
2.6738599999999963e-06
2.674094999999996e-06
2.674329999999996e-06
2.674564999999996e-06
2.674799999999996e-06
2.675034999999996e-06
2.675269999999996e-06
2.6755049999999957e-06
2.6757399999999957e-06
2.6759749999999956e-06
2.6762099999999955e-06
2.6764449999999954e-06
2.6766799999999954e-06
2.6769149999999953e-06
2.677149999999995e-06
2.677384999999995e-06
2.677619999999995e-06
2.677854999999995e-06
2.678089999999995e-06
2.678324999999995e-06
2.6785599999999947e-06
2.6787949999999947e-06
2.6790299999999946e-06
2.6792649999999945e-06
2.6794999999999944e-06
2.6797349999999943e-06
2.6799699999999943e-06
2.680204999999994e-06
2.680439999999994e-06
2.680674999999994e-06
2.680909999999994e-06
2.681144999999994e-06
2.681379999999994e-06
2.6816149999999937e-06
2.6818499999999936e-06
2.6820849999999936e-06
2.6823199999999935e-06
2.6825549999999934e-06
2.6827899999999933e-06
2.6830249999999933e-06
2.683259999999993e-06
2.683494999999993e-06
2.683729999999993e-06
2.683964999999993e-06
2.684199999999993e-06
2.684434999999993e-06
2.6846699999999927e-06
2.6849049999999926e-06
2.6851399999999926e-06
2.6853749999999925e-06
2.6856099999999924e-06
2.6858449999999923e-06
2.6860799999999922e-06
2.686314999999992e-06
2.686549999999992e-06
2.686784999999992e-06
2.687019999999992e-06
2.687254999999992e-06
2.6874899999999918e-06
2.6877249999999917e-06
2.6879599999999916e-06
2.6881949999999915e-06
2.6884299999999915e-06
2.6886649999999914e-06
2.7061799999999914e-06
2.7138549999999913e-06
2.7140899999999912e-06
2.714324999999991e-06
2.714559999999991e-06
3.1020799999999913e-06
3.2466349999999914e-06
3.2468699999999913e-06
3.2471049999999912e-06
3.247339999999991e-06
3.247574999999991e-06
3.247809999999991e-06
3.248044999999991e-06
3.248279999999991e-06
3.2485149999999908e-06
3.2487499999999907e-06
3.2489849999999906e-06
3.2492199999999906e-06
3.2494549999999905e-06
3.2496899999999904e-06
3.2499249999999903e-06
3.6374449999999905e-06
3.7819999999999906e-06
3.7822349999999906e-06
3.7824699999999905e-06
3.7827049999999904e-06
3.7829399999999903e-06
3.7831749999999903e-06
3.78340999999999e-06
3.78364499999999e-06
3.78387999999999e-06
3.78411499999999e-06
3.78434999999999e-06
3.7845849999999898e-06
3.7848199999999897e-06
3.7850549999999896e-06
3.7852899999999896e-06
3.7855249999999895e-06
3.7857599999999894e-06
3.7859949999999893e-06
3.7862299999999892e-06
3.786464999999989e-06
3.786699999999989e-06
3.786934999999989e-06
3.787169999999989e-06
3.787404999999989e-06
3.7876399999999888e-06
3.7878749999999887e-06
3.7881099999999886e-06
3.7883449999999885e-06
3.7885799999999885e-06
3.7888149999999884e-06
3.7890499999999883e-06
3.7892849999999882e-06
3.789519999999988e-06
3.789754999999988e-06
3.789989999999988e-06
3.790224999999988e-06
3.790459999999988e-06
3.7906949999999878e-06
3.7909299999999877e-06
3.7911649999999876e-06
3.7913999999999875e-06
3.7916349999999875e-06
3.7918699999999874e-06
3.7921049999999873e-06
3.7923399999999872e-06
3.792574999999987e-06
3.792809999999987e-06
3.810249999999987e-06
3.817844999999987e-06
3.8180799999999875e-06
3.818314999999988e-06
3.818549999999988e-06
3.8187849999999885e-06
3.819019999999989e-06
3.819254999999989e-06
3.81948999999999e-06
3.81972499999999e-06
3.81995999999999e-06
3.820194999999991e-06
3.820429999999991e-06
3.820664999999991e-06
3.820899999999992e-06
3.821134999999992e-06
3.821369999999992e-06
3.821604999999993e-06
3.821839999999993e-06
3.822074999999993e-06
3.822309999999994e-06
3.822544999999994e-06
3.8227799999999944e-06
3.823014999999995e-06
3.823249999999995e-06
3.8234849999999955e-06
3.823719999999996e-06
3.823954999999996e-06
3.8241899999999965e-06
3.824424999999997e-06
3.824659999999997e-06
3.8248949999999975e-06
3.825129999999998e-06
3.825364999999998e-06
3.8255999999999986e-06
3.825834999999999e-06
3.826069999999999e-06
3.826305e-06
3.82654e-06
3.826775e-06
3.827010000000001e-06
3.827245000000001e-06
3.827480000000001e-06
3.827715000000002e-06
3.827950000000002e-06
3.828185000000002e-06
3.828420000000003e-06
3.828655000000003e-06
3.828890000000003e-06
3.829125000000004e-06
3.829360000000004e-06
3.8295950000000045e-06
3.829830000000005e-06
3.830065000000005e-06
3.8303000000000055e-06
3.830535000000006e-06
3.830770000000006e-06
3.8310050000000065e-06
3.831240000000007e-06
3.831475000000007e-06
3.8317100000000076e-06
3.831945000000008e-06
3.832180000000008e-06
3.832415000000009e-06
3.832650000000009e-06
3.832885000000009e-06
3.83312000000001e-06
3.83335500000001e-06
3.83359000000001e-06
3.833825000000011e-06
3.834060000000011e-06
3.834295000000011e-06
3.834530000000012e-06
3.834765000000012e-06
3.835000000000012e-06
3.835235000000013e-06
3.835470000000013e-06
3.8357050000000134e-06
3.835940000000014e-06
3.836175000000014e-06
3.8364100000000145e-06
3.836645000000015e-06
3.836880000000015e-06
3.8371150000000155e-06
3.837350000000016e-06
3.837585000000016e-06
3.8378200000000166e-06
3.838055000000017e-06
3.838290000000017e-06
3.838525000000018e-06
3.838760000000018e-06
3.838995000000018e-06
3.839230000000019e-06
3.839465000000019e-06
3.839700000000019e-06
3.83993500000002e-06
3.84017000000002e-06
3.84040500000002e-06
3.840640000000021e-06
3.840875000000021e-06
3.841110000000021e-06
3.841345000000022e-06
3.841580000000022e-06
3.8418150000000224e-06
3.842050000000023e-06
3.842285000000023e-06
3.8425200000000235e-06
3.842755000000024e-06
3.842990000000024e-06
3.8432250000000245e-06
3.843460000000025e-06
3.843695000000025e-06
3.8439300000000256e-06
3.844165000000026e-06
3.844400000000026e-06
3.844635000000027e-06
3.844870000000027e-06
3.845105000000027e-06
3.845340000000028e-06
3.845575000000028e-06
3.845810000000028e-06
3.846045000000029e-06
3.846280000000029e-06
3.846515000000029e-06
3.84675000000003e-06
3.84698500000003e-06
3.84722000000003e-06
3.847455000000031e-06
3.847690000000031e-06
3.8479250000000314e-06
3.848160000000032e-06
3.848395000000032e-06
3.8486300000000325e-06
3.848865000000033e-06
3.849100000000033e-06
3.8493350000000335e-06
3.849570000000034e-06
3.849805000000034e-06
3.8500400000000345e-06
3.850275000000035e-06
3.850510000000035e-06
3.850745000000036e-06
3.850980000000036e-06
3.851215000000036e-06
3.851450000000037e-06
3.851685000000037e-06
3.851920000000037e-06
3.852155000000038e-06
3.852390000000038e-06
3.852625000000038e-06
3.852860000000039e-06
3.853095000000039e-06
3.853330000000039e-06
3.85356500000004e-06
3.85380000000004e-06
3.8540350000000404e-06
3.854270000000041e-06
3.854505000000041e-06
3.8547400000000415e-06
3.854975000000042e-06
3.855210000000042e-06
3.8554450000000425e-06
3.855680000000043e-06
3.855915000000043e-06
3.8561500000000435e-06
3.856385000000044e-06
3.856620000000044e-06
3.856855000000045e-06
3.857090000000045e-06
3.857325000000045e-06
3.857560000000046e-06
3.857795000000046e-06
3.858030000000046e-06
3.858265000000047e-06
3.858500000000047e-06
3.858735000000047e-06
3.858970000000048e-06
3.859205000000048e-06
3.859440000000048e-06
3.859675000000049e-06
3.859910000000049e-06
3.860145000000049e-06
3.86038000000005e-06
3.86061500000005e-06
3.8608500000000505e-06
3.861085000000051e-06
3.861320000000051e-06
3.8615550000000515e-06
3.861790000000052e-06
3.862025000000052e-06
3.8622600000000525e-06
3.862495000000053e-06
3.862730000000053e-06
3.8629650000000536e-06
4.250485000000053e-06
4.395040000000053e-06
4.395275000000053e-06
4.395510000000054e-06
4.395745000000054e-06
4.3959800000000544e-06
4.396215000000055e-06
4.396450000000055e-06
4.3966850000000555e-06
4.396920000000056e-06
4.397155000000056e-06
4.3973900000000565e-06
4.397625000000057e-06
4.397860000000057e-06
4.3980950000000575e-06
4.398330000000058e-06
4.398565000000058e-06
4.398800000000059e-06
4.399035000000059e-06
4.399270000000059e-06
4.39950500000006e-06
4.39974000000006e-06
4.39997500000006e-06
4.400210000000061e-06
4.400445000000061e-06
4.400680000000061e-06
4.400915000000062e-06
4.401150000000062e-06
4.401385000000062e-06
4.401620000000063e-06
4.401855000000063e-06
4.402090000000063e-06
4.402325000000064e-06
4.402560000000064e-06
4.4027950000000645e-06
4.403030000000065e-06
4.403265000000065e-06
4.4035000000000655e-06
4.403735000000066e-06
4.403970000000066e-06
4.4042050000000665e-06
4.404440000000067e-06
4.404675000000067e-06
4.4049100000000676e-06
4.405145000000068e-06
4.405380000000068e-06
4.405615000000069e-06
4.405850000000069e-06
4.406085000000069e-06
4.40632000000007e-06
4.40655500000007e-06
4.40679000000007e-06
4.407025000000071e-06
4.407260000000071e-06
4.407495000000071e-06
4.407730000000072e-06
4.407965000000072e-06
4.408200000000072e-06
4.408435000000073e-06
4.408670000000073e-06
4.4089050000000735e-06
4.409140000000074e-06
4.409375000000074e-06
4.4096100000000745e-06
4.409845000000075e-06
4.410080000000075e-06
4.4103150000000755e-06
4.410550000000076e-06
4.410785000000076e-06
4.4110200000000766e-06
4.411255000000077e-06
4.411490000000077e-06
4.411725000000078e-06
4.411960000000078e-06
4.412195000000078e-06
4.412430000000079e-06
4.412665000000079e-06
4.412900000000079e-06
4.41313500000008e-06
4.41337000000008e-06
4.41360500000008e-06
4.413840000000081e-06
4.414075000000081e-06
4.414310000000081e-06
4.414545000000082e-06
4.414780000000082e-06
4.4150150000000824e-06
4.415250000000083e-06
4.415485000000083e-06
4.4157200000000835e-06
4.415955000000084e-06
4.416190000000084e-06
4.4164250000000845e-06
4.416660000000085e-06
4.416895000000085e-06
4.4171300000000856e-06
4.417365000000086e-06
4.804885000000086e-06
4.949440000000085e-06
4.949675000000086e-06
4.949910000000086e-06
4.950145000000086e-06
4.950380000000087e-06
4.950615000000087e-06
4.9508500000000875e-06
4.951085000000088e-06
4.951320000000088e-06
4.9515550000000885e-06
4.951790000000089e-06
4.952025000000089e-06
4.9522600000000895e-06
4.95249500000009e-06
4.95273000000009e-06
4.9529650000000906e-06
4.953200000000091e-06
4.953435000000091e-06
4.953670000000092e-06
4.953905000000092e-06
4.954140000000092e-06
4.954375000000093e-06
4.954610000000093e-06
4.972050000000093e-06
4.9796450000000935e-06
4.979880000000094e-06
4.980115000000094e-06
4.9803500000000945e-06
4.980585000000095e-06
4.980820000000095e-06
4.981055000000096e-06
4.981290000000096e-06
4.981525000000096e-06
4.981760000000097e-06
4.981995000000097e-06
4.982230000000097e-06
4.982465000000098e-06
4.982700000000098e-06
4.982935000000098e-06
4.983170000000099e-06
4.983405000000099e-06
4.983640000000099e-06
4.9838750000001e-06
4.9841100000001e-06
4.9843450000001e-06
4.984580000000101e-06
4.984815000000101e-06
4.9850500000001015e-06
4.985285000000102e-06
4.985520000000102e-06
4.9857550000001025e-06
4.985990000000103e-06
4.986225000000103e-06
4.9864600000001035e-06
4.986695000000104e-06
4.986930000000104e-06
5.004445000000104e-06
5.012120000000104e-06
5.012355000000104e-06
5.012590000000104e-06
5.012825000000105e-06
5.013060000000105e-06
5.0132950000001055e-06
5.013530000000106e-06
5.013765000000106e-06
5.0140000000001065e-06
5.014235000000107e-06
5.014470000000107e-06
5.0147050000001075e-06
5.014940000000108e-06
5.015175000000108e-06
5.0154100000001086e-06
5.015645000000109e-06
5.015880000000109e-06
5.01611500000011e-06
5.01635000000011e-06
5.01658500000011e-06
5.016820000000111e-06
5.017055000000111e-06
5.017290000000111e-06
5.017525000000112e-06
5.017760000000112e-06
5.017995000000112e-06
5.018230000000113e-06
5.018465000000113e-06
5.018700000000113e-06
5.018935000000114e-06
5.019170000000114e-06
5.0194050000001144e-06
5.019640000000115e-06
5.019875000000115e-06
5.0201100000001155e-06
5.020345000000116e-06
5.020580000000116e-06
5.0208150000001165e-06
5.021050000000117e-06
5.021285000000117e-06
5.0215200000001176e-06
5.021755000000118e-06
5.021990000000118e-06
5.022225000000119e-06
5.022460000000119e-06
5.022695000000119e-06
5.02293000000012e-06
5.02316500000012e-06
5.02340000000012e-06
5.023635000000121e-06
5.023870000000121e-06
5.024105000000121e-06
5.024340000000122e-06
5.041855000000121e-06
5.049530000000121e-06
5.0497650000001216e-06
5.050000000000122e-06
5.050235000000122e-06
5.050470000000123e-06
5.050705000000123e-06
5.050940000000123e-06
5.051175000000124e-06
5.051410000000124e-06
5.051645000000124e-06
5.051880000000125e-06
5.052115000000125e-06
5.052350000000125e-06
5.052585000000126e-06
5.052820000000126e-06
5.053055000000126e-06
5.053290000000127e-06
5.053525000000127e-06
5.0537600000001274e-06
5.053995000000128e-06
5.054230000000128e-06
5.0544650000001285e-06
5.054700000000129e-06
5.054935000000129e-06
5.0551700000001295e-06
5.05540500000013e-06
5.05564000000013e-06
5.0558750000001306e-06
5.056110000000131e-06
5.056345000000131e-06
5.056580000000132e-06
5.056815000000132e-06
5.057050000000132e-06
5.057285000000133e-06
5.057520000000133e-06
5.445040000000133e-06
5.5895950000001324e-06
5.589830000000133e-06
5.590065000000133e-06
5.5903000000001335e-06
5.590535000000134e-06
5.590770000000134e-06
5.5910050000001345e-06
5.591240000000135e-06
5.591475000000135e-06
5.5917100000001356e-06
5.591945000000136e-06
5.592180000000136e-06
5.592415000000137e-06
5.592650000000137e-06
5.592885000000137e-06
5.593120000000138e-06
5.593355000000138e-06
5.593590000000138e-06
5.593825000000139e-06
5.594060000000139e-06
5.594295000000139e-06
5.59453000000014e-06
5.59476500000014e-06
5.59500000000014e-06
5.595235000000141e-06
5.595470000000141e-06
5.5957050000001414e-06
5.595940000000142e-06
5.596175000000142e-06
5.5964100000001425e-06
5.596645000000143e-06
5.596880000000143e-06
5.5971150000001435e-06
5.597350000000144e-06
5.597585000000144e-06
5.5978200000001446e-06
5.598055000000145e-06
5.598290000000145e-06
5.598525000000146e-06
5.598760000000146e-06
5.598995000000146e-06
5.599230000000147e-06
5.599465000000147e-06
5.599700000000147e-06
5.599935000000148e-06
5.600170000000148e-06
5.600405000000148e-06
5.600640000000149e-06
5.600875000000149e-06
5.601110000000149e-06
5.60134500000015e-06
5.60158000000015e-06
5.6018150000001504e-06
5.602050000000151e-06
5.602285000000151e-06
5.6025200000001515e-06
5.602755000000152e-06
5.602990000000152e-06
5.6032250000001525e-06
5.603460000000153e-06
5.603695000000153e-06
5.6039300000001535e-06
5.604165000000154e-06
5.604400000000154e-06
5.604635000000155e-06
5.604870000000155e-06
5.605105000000155e-06
5.605340000000156e-06
5.605575000000156e-06
5.605810000000156e-06
5.606045000000157e-06
5.606280000000157e-06
6.007375000000157e-06
6.159210000000157e-06
6.159445000000157e-06
6.560540000000157e-06
6.712375000000157e-06
6.712610000000157e-06
7.336885000000157e-06
7.647120000000157e-06
7.647355000000157e-06
7.647590000000156e-06
7.647825000000156e-06
7.648060000000155e-06
8.035580000000156e-06
8.180135000000156e-06
8.180370000000156e-06
8.180605000000155e-06
8.180840000000155e-06
8.181075000000154e-06
8.198515000000155e-06
8.606275000000155e-06
8.765550000000155e-06
8.765785000000155e-06
8.766020000000154e-06
9.415495000000154e-06
9.740130000000153e-06
9.740365000000153e-06
9.740600000000152e-06
9.740835000000152e-06
9.741070000000151e-06
9.74130500000015e-06
9.74154000000015e-06
9.74177500000015e-06
9.742010000000149e-06
9.742245000000148e-06
9.742480000000148e-06
9.742715000000147e-06
9.742950000000147e-06
9.743185000000146e-06
9.743420000000146e-06
9.743655000000145e-06
9.743890000000145e-06
9.744125000000144e-06
9.744360000000144e-06
9.744595000000143e-06
9.744830000000143e-06
9.745065000000142e-06
9.745300000000142e-06
9.745535000000141e-06
9.745770000000141e-06
9.74600500000014e-06
9.74624000000014e-06
9.74647500000014e-06
9.746710000000139e-06
9.746945000000138e-06
9.747180000000138e-06
9.747415000000137e-06
9.747650000000137e-06
9.747885000000136e-06
9.748120000000136e-06
9.748355000000135e-06
9.748590000000135e-06
9.748825000000134e-06
1.0136345000000135e-05
1.0280900000000136e-05
1.0281135000000135e-05
1.0281370000000135e-05
1.0281605000000134e-05
1.0281840000000134e-05
1.0282075000000133e-05
1.0282310000000133e-05
1.0282545000000132e-05
1.0282780000000132e-05
1.0283015000000131e-05
1.028325000000013e-05
1.0670770000000131e-05
1.1468745000000131e-05
1.1909220000000131e-05
1.190945500000013e-05
1.190969000000013e-05
1.190992500000013e-05
1.191016000000013e-05
1.1910395000000129e-05
1.1910630000000128e-05
1.1910865000000128e-05
1.1911100000000127e-05
1.1911335000000127e-05
1.1911570000000126e-05
1.1911805000000126e-05
1.1912040000000125e-05
1.1912275000000125e-05
1.1912510000000124e-05
1.1912745000000124e-05
1.1912980000000123e-05
1.1913215000000123e-05
1.1913450000000122e-05
1.1913685000000122e-05
1.1913920000000121e-05
1.191415500000012e-05
1.191439000000012e-05
1.191462500000012e-05
1.191486000000012e-05
1.1915095000000119e-05
1.1915330000000118e-05
1.1915565000000118e-05
1.2565040000000117e-05
1.2889675000000116e-05
1.2889910000000116e-05
1.2890145000000115e-05
1.2890380000000115e-05
1.2890615000000114e-05
1.2908130000000115e-05
1.2915805000000115e-05
1.2916040000000114e-05
1.2916275000000114e-05
1.2916510000000113e-05
1.2916745000000113e-05
1.2916980000000112e-05
1.2917215000000112e-05
1.2917450000000111e-05
1.291768500000011e-05
1.291792000000011e-05
1.291815500000011e-05
1.291839000000011e-05
1.2918625000000109e-05
1.2918860000000108e-05
1.2919095000000108e-05
1.2919330000000107e-05
1.2919565000000107e-05
1.3320660000000107e-05
1.3472495000000107e-05
1.3472730000000106e-05
1.3472965000000106e-05
1.3473200000000105e-05
1.3473435000000105e-05
1.3473670000000104e-05
1.3473905000000104e-05
1.3474140000000103e-05
1.3474375000000103e-05
1.3474610000000102e-05
1.3474845000000102e-05
1.3475080000000101e-05
1.34753150000001e-05
1.34755500000001e-05
1.38630700000001e-05
1.4007625000000101e-05
1.40078600000001e-05
1.40080950000001e-05
1.40083300000001e-05
1.40085650000001e-05
1.4008800000000099e-05
1.4009035000000098e-05
1.4009270000000098e-05
1.4009505000000097e-05
1.4009740000000097e-05
1.4009975000000096e-05
1.4010210000000096e-05
1.4422930000000096e-05
1.4581885000000096e-05
1.4582120000000095e-05
1.4582355000000095e-05
1.4582590000000094e-05
1.4582825000000094e-05
1.4583060000000093e-05
1.4583295000000093e-05
1.4583530000000092e-05
1.4971050000000093e-05
1.5769025000000094e-05
1.6209500000000093e-05
1.6209735000000092e-05
1.6209970000000092e-05
1.6227410000000092e-05
1.623500500000009e-05
1.6663980000000092e-05
1.683741500000009e-05
1.683765000000009e-05
1.7225170000000092e-05
1.736972500000009e-05
1.800757500000009e-05
1.832509000000009e-05
1.873781000000009e-05
1.9013170000000092e-05
1.9179485000000092e-05
1.917972000000009e-05
1.921433500000009e-05
1.922921000000009e-05
1.922944500000009e-05
1.922968000000009e-05
1.922991500000009e-05
1.923015000000009e-05
1.923038500000009e-05
1.9230620000000088e-05
1.9230855000000087e-05
1.9231090000000087e-05
1.9231325000000086e-05
1.9231560000000086e-05
1.9231795000000085e-05
1.9232030000000085e-05
1.9232265000000084e-05
1.9232500000000084e-05
1.9232735000000083e-05
1.9232970000000083e-05
1.9233205000000082e-05
1.9233440000000082e-05
1.923367500000008e-05
1.923391000000008e-05
1.942428000000008e-05
1.972779500000008e-05
1.997371000000008e-05
1.999122500000008e-05
1.999890000000008e-05
2.005877000000008e-05
2.008812500000008e-05
2.008836000000008e-05
2.008859500000008e-05
2.008883000000008e-05
2.008906500000008e-05
2.008930000000008e-05
2.008953500000008e-05
2.0107050000000077e-05
2.011472500000008e-05
2.013216500000008e-05
2.013976000000008e-05
2.0139995000000078e-05
2.0140230000000077e-05
2.0140465000000077e-05
2.0140700000000076e-05
2.0140935000000076e-05
2.0141170000000075e-05
2.0570145000000076e-05
2.0743580000000076e-05
2.0811475000000075e-05
2.0847950000000075e-05
2.0848185000000075e-05
2.0882725000000075e-05
2.0897520000000077e-05
2.0897755000000077e-05
2.0897990000000076e-05
2.0898225000000076e-05
2.0898460000000075e-05
2.0898695000000075e-05
2.0898930000000074e-05
2.0899165000000074e-05
2.0899400000000073e-05
2.0967370000000074e-05
2.1003925000000074e-05
2.1004160000000073e-05
2.1004395000000073e-05
2.1004630000000072e-05
2.100486500000007e-05
2.100510000000007e-05
2.106497000000007e-05
2.1094325000000072e-05
2.109456000000007e-05
2.109479500000007e-05
2.109503000000007e-05
2.109526500000007e-05
2.109550000000007e-05
2.109573500000007e-05
2.109597000000007e-05
2.1096205000000068e-05
2.1096440000000067e-05
2.1096675000000067e-05
2.1096910000000066e-05
2.1097145000000066e-05
2.1097380000000065e-05
2.1097615000000065e-05
2.1097850000000064e-05
2.1098085000000064e-05
2.1098320000000063e-05
2.1098555000000063e-05
2.1098790000000062e-05
2.1099025000000062e-05
2.109926000000006e-05
2.109949500000006e-05
2.109973000000006e-05
2.114242500000006e-05
2.1164500000000058e-05
2.1164735000000057e-05
2.1164970000000057e-05
2.1165205000000056e-05
2.1165440000000056e-05
2.1165675000000055e-05
2.1165910000000055e-05
2.1166145000000054e-05
2.1166380000000054e-05
2.1166615000000053e-05
2.1166850000000053e-05
2.1167085000000052e-05
2.1167320000000052e-05
2.116755500000005e-05
2.116779000000005e-05
2.116802500000005e-05
2.116826000000005e-05
2.116849500000005e-05
2.116873000000005e-05
2.116896500000005e-05
2.1169200000000048e-05
2.1169435000000047e-05
2.1556955000000048e-05
2.1701510000000047e-05
2.1701745000000046e-05
2.1701980000000046e-05
2.1702215000000045e-05
2.1702450000000045e-05
2.1702685000000044e-05
2.1702920000000044e-05
2.1703155000000043e-05
2.1703390000000043e-05
2.1703625000000042e-05
2.1703860000000042e-05
2.170409500000004e-05
2.170433000000004e-05
2.170456500000004e-05
2.170480000000004e-05
2.239567500000004e-05
2.274911000000004e-05
2.274934500000004e-05
2.274958000000004e-05
2.274981500000004e-05
2.2750050000000038e-05
2.2750285000000038e-05
2.2750520000000037e-05
2.2750755000000037e-05
2.2750990000000036e-05
2.2751225000000036e-05
2.2751460000000035e-05
2.2751695000000035e-05
2.2751930000000034e-05
2.2752165000000034e-05
2.2752400000000033e-05
2.2752635000000033e-05
2.2752870000000032e-05
2.275310500000003e-05
2.275334000000003e-05
2.275357500000003e-05
2.275381000000003e-05
2.275404500000003e-05
2.275428000000003e-05
2.275451500000003e-05
2.2754750000000028e-05
2.2754985000000028e-05
2.2755220000000027e-05
2.2755455000000027e-05
2.2755690000000026e-05
2.2755925000000026e-05
2.2756160000000025e-05
2.3405635000000024e-05
2.3730270000000024e-05
2.3730505000000023e-05
2.3730740000000023e-05
2.3730975000000022e-05
2.3731210000000022e-05
2.373144500000002e-05
2.373168000000002e-05
2.373191500000002e-05
2.373215000000002e-05
2.373238500000002e-05
2.373262000000002e-05
2.3732855000000018e-05
2.3733090000000018e-05
2.3733325000000017e-05
2.3733560000000017e-05
2.3733795000000016e-05
2.3734030000000016e-05
2.3734265000000015e-05
2.3734500000000015e-05
2.3734735000000014e-05
2.3734970000000014e-05
2.3735205000000013e-05
2.3735440000000013e-05
2.3735675000000012e-05
2.3735910000000012e-05
2.373614500000001e-05
2.373638000000001e-05
2.373661500000001e-05
2.373685000000001e-05
2.373708500000001e-05
2.373732000000001e-05
2.3737555000000008e-05
2.3737790000000008e-05
2.3738025000000007e-05
2.3738260000000007e-05
2.3738495000000006e-05
2.3738730000000006e-05
2.3738965000000005e-05
2.3739200000000005e-05
2.3739435000000004e-05
2.3739670000000004e-05
2.3739905000000003e-05
2.3740140000000003e-05
2.3740375000000002e-05
2.3740610000000002e-05
2.3740845e-05
2.4128365000000002e-05
2.427292e-05
2.4273155e-05
2.427339e-05
2.4273625e-05
2.427386e-05
2.4274094999999998e-05
2.4274329999999998e-05
2.4274564999999997e-05
2.4274799999999997e-05
2.4275034999999996e-05
2.4275269999999996e-05
2.4687989999999997e-05
2.4846944999999997e-05
2.4847179999999997e-05
2.4847414999999996e-05
2.4847649999999996e-05
2.4847884999999995e-05
2.4848119999999995e-05
2.4848354999999994e-05
2.4848589999999994e-05
2.4848824999999993e-05
2.4849059999999993e-05
2.4849294999999992e-05
2.4849529999999992e-05
2.484976499999999e-05
2.484999999999999e-05
2.485023499999999e-05
2.485046999999999e-05
2.485070499999999e-05
2.485093999999999e-05
2.4851174999999988e-05
2.4936169999999988e-05
2.5443149999999987e-05
2.567458499999999e-05
2.5674819999999988e-05
2.5675054999999988e-05
2.5675289999999987e-05
2.5675524999999987e-05
2.5675759999999986e-05
2.6300034999999988e-05
2.661026999999999e-05
2.661050499999999e-05
2.661073999999999e-05
2.6610974999999988e-05
2.6611209999999987e-05
2.6611444999999987e-05
2.6611679999999986e-05
2.6611914999999986e-05
2.6612149999999985e-05
2.6612384999999985e-05
2.6999904999999986e-05
2.7784304999999984e-05
2.8217499999999985e-05
2.8217734999999985e-05
2.8217969999999984e-05
2.8218204999999984e-05
2.8218439999999983e-05
2.8218674999999983e-05
2.8218909999999982e-05
2.8219144999999982e-05
2.821937999999998e-05
2.821961499999998e-05
2.821984999999998e-05
2.822008499999998e-05
2.822031999999998e-05
2.822055499999998e-05
2.8220789999999978e-05
2.8221024999999978e-05
2.8221259999999977e-05
2.8221494999999977e-05
2.8221729999999976e-05
2.8221964999999976e-05
2.8609484999999976e-05
2.8754039999999975e-05
2.8754274999999975e-05
2.8754509999999974e-05
2.8754744999999974e-05
2.8754979999999973e-05
2.8755214999999973e-05
2.8755449999999972e-05
2.875568499999997e-05
2.875591999999997e-05
2.875615499999997e-05
2.875638999999997e-05
2.875662499999997e-05
2.875685999999997e-05
2.875709499999997e-05
2.8757329999999968e-05
2.8757564999999968e-05
2.8757799999999967e-05
2.8758034999999967e-05
2.8758269999999966e-05
2.8758504999999966e-05
2.8758739999999965e-05
2.9421789999999966e-05
2.9753704999999966e-05
2.9753939999999965e-05
2.9771379999999966e-05
2.9778974999999965e-05
2.9779209999999965e-05
2.9779444999999964e-05
2.9779679999999964e-05
2.9779914999999963e-05
2.9780149999999963e-05
2.9780384999999962e-05
2.978061999999996e-05
2.978085499999996e-05
2.978108999999996e-05
2.978132499999996e-05
2.978155999999996e-05
2.978179499999996e-05
2.978202999999996e-05
2.9782264999999958e-05
2.9782499999999958e-05
2.9782734999999957e-05
2.9782969999999957e-05
2.9783204999999956e-05
3.0195924999999958e-05
3.0354879999999958e-05
3.0355114999999957e-05
3.0355349999999957e-05
3.0355584999999956e-05
3.0355819999999956e-05
3.0356054999999955e-05
3.0356289999999955e-05
3.0356524999999954e-05
3.0356759999999954e-05
3.0356994999999953e-05
3.0357229999999953e-05
3.0357464999999952e-05
3.035769999999995e-05
3.035793499999995e-05
3.035816999999995e-05
3.035840499999995e-05
3.035863999999995e-05
3.035887499999995e-05
3.035910999999995e-05
3.0359344999999948e-05
3.0359579999999948e-05
3.0359814999999947e-05
3.0360049999999947e-05
3.0360284999999946e-05
3.0360519999999946e-05
3.0360754999999945e-05
3.0428724999999946e-05
3.0465279999999946e-05
3.0465514999999945e-05
3.0465749999999945e-05
3.0465984999999944e-05
3.0466219999999944e-05
3.0466454999999943e-05
3.0466689999999943e-05
3.0466924999999942e-05
3.046715999999994e-05
3.046739499999994e-05
3.046762999999994e-05
3.046786499999994e-05
3.046809999999994e-05
3.046833499999994e-05
3.046856999999994e-05
3.0468804999999938e-05
3.0469039999999938e-05
3.0469274999999937e-05
3.0469509999999937e-05
3.0469744999999936e-05
3.0469979999999936e-05
3.0470214999999935e-05
3.0470449999999935e-05
3.0470684999999934e-05
3.0470919999999934e-05
3.0471154999999933e-05
3.066144999999993e-05
3.076992499999993e-05
3.0770159999999935e-05
3.077039499999994e-05
3.077062999999994e-05
3.117172499999994e-05
3.132355999999994e-05
3.1323794999999945e-05
3.132402999999995e-05
3.132426499999995e-05
3.1324499999999954e-05
3.132473499999996e-05
3.132496999999996e-05
3.132520499999996e-05
3.1325439999999965e-05
3.132567499999997e-05
3.132590999999997e-05
3.1326144999999974e-05
3.1343584999999974e-05
3.135117999999998e-05
3.135141499999998e-05
3.135164999999998e-05
3.1351884999999986e-05
3.135211999999999e-05
3.135235499999999e-05
3.1352589999999995e-05
3.1352825e-05
3.135306e-05
3.1353295e-05
3.1353530000000006e-05
3.135376500000001e-05
3.135400000000001e-05
3.1354235000000015e-05
3.135447000000002e-05
3.135470500000002e-05
3.1354940000000023e-05
3.1355175000000026e-05
3.135541000000003e-05
3.135564500000003e-05
3.1355880000000035e-05
3.135611500000004e-05
3.135635000000004e-05
3.1356585000000044e-05
3.1356820000000046e-05
3.135705500000005e-05
3.135729000000005e-05
3.185286500000005e-05
3.320749000000005e-05
3.416692500000005e-05
3.416716000000005e-05
3.4167395000000055e-05
3.416763000000006e-05
3.416786500000006e-05
3.4168100000000063e-05
3.4168335000000066e-05
3.416857000000007e-05
3.416880500000007e-05
3.4169040000000075e-05
3.416927500000008e-05
3.416951000000008e-05
3.4169745000000084e-05
3.4169980000000086e-05
3.417021500000009e-05
3.417045000000009e-05
3.4170685000000095e-05
3.41709200000001e-05
3.43612900000001e-05
3.44698450000001e-05
3.44700800000001e-05
3.4470315000000104e-05
3.4470550000000107e-05
3.447078500000011e-05
3.447102000000011e-05
3.4471255000000115e-05
3.447149000000012e-05
3.447172500000012e-05
3.4471960000000124e-05
3.447219500000013e-05
3.447243000000013e-05
3.447266500000013e-05
3.4472900000000135e-05
3.447313500000014e-05
3.447337000000014e-05
3.4473605000000144e-05
3.447384000000015e-05
3.447407500000015e-05
3.447431000000015e-05
3.4474545000000156e-05
3.486206500000015e-05
3.5006620000000155e-05
3.500685500000016e-05
3.500709000000016e-05
3.5007325000000164e-05
3.500756000000017e-05
3.506735500000017e-05
3.509663000000017e-05
3.509686500000017e-05
3.5097100000000176e-05
3.509733500000018e-05
3.509757000000018e-05
3.548509000000018e-05
3.562964500000018e-05
3.5629880000000184e-05
3.563011500000019e-05
3.563035000000019e-05
3.563058500000019e-05
3.5630820000000196e-05
3.56310550000002e-05
3.56312900000002e-05
3.5631525000000204e-05
3.563176000000021e-05
3.563199500000021e-05
3.563223000000021e-05
3.5632465000000216e-05
3.563270000000022e-05
3.563293500000022e-05
3.5633170000000225e-05
3.606214500000022e-05
3.6235580000000225e-05
3.623581500000023e-05
3.623605000000023e-05
3.6236285000000233e-05
3.6236520000000236e-05
3.623675500000024e-05
3.623699000000024e-05
3.6237225000000245e-05
3.623746000000025e-05
3.623769500000025e-05
3.6237930000000254e-05
3.6238165000000256e-05
3.623840000000026e-05
3.623863500000026e-05
3.6238870000000265e-05
3.623910500000027e-05
3.623934000000027e-05
3.6239575000000274e-05
3.623981000000028e-05
3.624004500000028e-05
3.624028000000028e-05
3.6240515000000285e-05
3.624075000000029e-05
3.624098500000029e-05
3.6241220000000294e-05
3.62414550000003e-05
3.62416900000003e-05
3.62419250000003e-05
3.6242160000000306e-05
3.624239500000031e-05
3.624263000000031e-05
3.6242865000000314e-05
3.624310000000032e-05
3.624333500000032e-05
3.624357000000032e-05
3.6243805000000326e-05
3.624404000000033e-05
3.624427500000033e-05
3.6244510000000334e-05
3.624474500000034e-05
3.624498000000034e-05
3.624521500000034e-05
3.6245450000000346e-05
3.624568500000035e-05
3.624592000000035e-05
3.6246155000000355e-05
3.624639000000036e-05
3.624662500000036e-05
3.670080000000036e-05
3.688863500000036e-05
3.688887000000036e-05
3.6889105000000365e-05
3.688934000000037e-05
3.688957500000037e-05
3.6889810000000374e-05
3.689004500000038e-05
3.689028000000038e-05
3.727780000000038e-05
3.742235500000038e-05
3.742259000000038e-05
3.7422825000000385e-05
3.742306000000039e-05
3.742329500000039e-05
3.744073500000039e-05
3.7448330000000394e-05
3.7448565000000397e-05
3.74488000000004e-05
3.74663150000004e-05
3.74739900000004e-05
3.74742250000004e-05
3.75087650000004e-05
3.75235600000004e-05
3.75237950000004e-05
3.81480700000004e-05
3.84583050000004e-05
3.84585400000004e-05
3.84587750000004e-05
3.8459010000000406e-05
3.845924500000041e-05
3.845948000000041e-05
3.8459715000000415e-05
3.845995000000042e-05
3.846018500000042e-05
3.8460420000000423e-05
3.8460655000000426e-05
3.846089000000043e-05
3.846112500000043e-05
3.8461360000000435e-05
3.846159500000044e-05
3.846183000000044e-05
3.8462065000000444e-05
3.8462300000000447e-05
3.846253500000045e-05
3.846277000000045e-05
3.8463005000000455e-05
3.846324000000046e-05
3.846347500000046e-05
3.8463710000000464e-05
3.846394500000047e-05
3.846418000000047e-05
3.846441500000047e-05
3.8464650000000475e-05
3.846488500000048e-05
3.846512000000048e-05
3.8465355000000484e-05
3.846559000000049e-05
3.846582500000049e-05
3.846606000000049e-05
3.8466295000000496e-05
3.84665300000005e-05
3.84667650000005e-05
3.8467000000000504e-05
3.846723500000051e-05
3.846747000000051e-05
3.848498500000051e-05
3.849266000000051e-05
3.849289500000051e-05
3.8493130000000516e-05
3.849336500000052e-05
3.849360000000052e-05
3.8493835000000525e-05
3.849407000000053e-05
3.849430500000053e-05
3.8494540000000534e-05
3.8494775000000536e-05
3.849501000000054e-05
3.849524500000054e-05
3.8495480000000545e-05
3.849571500000055e-05
3.849595000000055e-05
3.8496185000000554e-05
3.849642000000056e-05
3.849665500000056e-05
3.849689000000056e-05
3.8497125000000565e-05
3.849736000000057e-05
3.849759500000057e-05
3.8497830000000574e-05
3.849806500000058e-05
3.849830000000058e-05
3.849853500000058e-05
3.8498770000000585e-05
3.849900500000059e-05
3.849924000000059e-05
3.8499475000000594e-05
3.84997100000006e-05
3.84999450000006e-05
3.85001800000006e-05
3.8500415000000606e-05
3.850065000000061e-05
3.850088500000061e-05
3.8501120000000614e-05
3.850135500000062e-05
3.850159000000062e-05
3.850182500000062e-05
3.8502060000000626e-05
3.850229500000063e-05
3.850253000000063e-05
3.8502765000000635e-05
3.850300000000064e-05
3.850323500000064e-05
3.850347000000064e-05
3.8503705000000646e-05
3.850394000000065e-05
3.850417500000065e-05
3.8504410000000655e-05
3.850464500000066e-05
3.850488000000066e-05
3.8505115000000663e-05
3.8505350000000666e-05
3.850558500000067e-05
3.850582000000067e-05
3.8506055000000675e-05
3.857402500000067e-05
3.908662500000067e-05
3.931822000000067e-05
3.9318455000000674e-05
3.931869000000068e-05
3.931892500000068e-05
3.931916000000068e-05
3.970668000000068e-05
3.985123500000068e-05
3.986867500000068e-05
3.9945030000000684e-05
3.9989025000000686e-05
3.998926000000069e-05
3.998949500000069e-05
4.037701500000069e-05
4.052157000000069e-05
4.0521805000000694e-05
4.05220400000007e-05
4.05222750000007e-05
4.09097950000007e-05
4.10543500000007e-05
4.10545850000007e-05
4.1054820000000705e-05
4.14423400000007e-05
4.1586895000000704e-05
4.158713000000071e-05
4.158736500000071e-05
4.158760000000071e-05
4.1587835000000716e-05
4.158807000000072e-05
4.158830500000072e-05
4.1588540000000724e-05
4.158877500000073e-05
4.158901000000073e-05
4.197653000000073e-05
4.212108500000073e-05
4.212132000000073e-05
4.2121555000000736e-05
4.212179000000074e-05
4.212202500000074e-05
4.2122260000000744e-05
4.212249500000075e-05
4.212273000000075e-05
4.212296500000075e-05
4.2123200000000756e-05
4.212343500000076e-05
4.212367000000076e-05
4.2123905000000764e-05
4.212414000000077e-05
4.212437500000077e-05
4.212461000000077e-05
4.2124845000000776e-05
4.2192740000000775e-05
4.222921500000077e-05
4.2229450000000775e-05
4.222968500000078e-05
4.224712500000078e-05
4.2276525000000775e-05
4.229148000000078e-05
4.229171500000078e-05
4.2291950000000784e-05
4.2309390000000784e-05
4.2316985000000787e-05
4.231722000000079e-05
4.231745500000079e-05
4.2317690000000795e-05
4.23179250000008e-05
4.23181600000008e-05
4.2318395000000804e-05
4.231863000000081e-05
4.233607000000081e-05
4.234366500000081e-05
4.299314000000081e-05
4.331777500000081e-05
4.3318010000000815e-05
4.331824500000082e-05
4.331848000000082e-05
4.3318715000000823e-05
4.3318950000000826e-05
4.331918500000083e-05
4.331942000000083e-05
4.3319655000000835e-05
4.331989000000084e-05
4.332012500000084e-05
4.3320360000000844e-05
4.3320595000000847e-05
4.332083000000085e-05
4.332106500000085e-05
4.3321300000000855e-05
4.332153500000086e-05
4.332177000000086e-05
4.3322005000000864e-05
4.332224000000087e-05
4.332247500000087e-05
4.332271000000087e-05
4.3322945000000875e-05
4.332318000000088e-05
4.332341500000088e-05
4.3323650000000884e-05
4.332388500000089e-05
4.332412000000089e-05
4.332435500000089e-05
4.3324590000000896e-05
4.33248250000009e-05
4.33250600000009e-05
4.3325295000000904e-05
4.332553000000091e-05
4.332576500000091e-05
4.339373500000091e-05
4.343029000000091e-05
4.3430525000000913e-05
4.3430760000000916e-05
4.343099500000092e-05
4.343123000000092e-05
4.3431465000000925e-05
4.343170000000093e-05
4.343193500000093e-05
4.3432170000000934e-05
4.3432405000000937e-05
4.343264000000094e-05
4.343287500000094e-05
4.3433110000000945e-05
4.349290500000095e-05
4.352218000000095e-05
4.352241500000095e-05
4.3522650000000955e-05
4.352288500000096e-05
4.352312000000096e-05
4.352335500000096e-05
4.3523590000000966e-05
4.352382500000097e-05
4.352406000000097e-05
4.3524295000000975e-05
4.352453000000098e-05
4.352476500000098e-05
4.3525000000000983e-05
4.3525235000000986e-05
4.352547000000099e-05
4.352570500000099e-05
4.3525940000000995e-05
4.3526175000001e-05
4.3526410000001e-05
4.3526645000001004e-05
4.3526880000001007e-05
4.352711500000101e-05
4.352735000000101e-05
4.3527585000001015e-05
4.352782000000102e-05
4.352805500000102e-05
4.3528290000001024e-05
4.352852500000103e-05
4.352876000000103e-05
4.352899500000103e-05
4.3529230000001035e-05
4.352946500000104e-05
4.352970000000104e-05
4.3529935000001044e-05
4.353017000000105e-05
4.353040500000105e-05
4.353064000000105e-05
4.3530875000001056e-05
4.353111000000106e-05
4.353134500000106e-05
4.3531580000001064e-05
4.353181500000107e-05
4.353205000000107e-05
4.353228500000107e-05
4.3532520000001076e-05
4.353275500000108e-05
4.353299000000108e-05
4.3533225000001084e-05
4.353346000000109e-05
4.353369500000109e-05
4.353393000000109e-05
4.3534165000001096e-05
4.35344000000011e-05
4.35346350000011e-05
4.3534870000001105e-05
4.353510500000111e-05
4.353534000000111e-05
4.353557500000111e-05
4.3535810000001116e-05
4.353604500000112e-05
4.353628000000112e-05
4.3536515000001125e-05
4.353675000000113e-05
4.353698500000113e-05
4.3537220000001134e-05
4.3537455000001136e-05
4.353769000000114e-05
4.353792500000114e-05
4.3538160000001145e-05
4.353839500000115e-05
4.353863000000115e-05
4.3538865000001154e-05
4.353910000000116e-05
4.353933500000116e-05
4.353957000000116e-05
4.3539805000001165e-05
4.354004000000117e-05
4.354027500000117e-05
4.3540510000001174e-05
4.354074500000118e-05
4.354098000000118e-05
4.354121500000118e-05
4.3541450000001186e-05
4.354168500000119e-05
4.354192000000119e-05
4.3542155000001194e-05
4.35423900000012e-05
4.35426250000012e-05
4.35428600000012e-05
4.3543095000001206e-05
4.354333000000121e-05
4.354356500000121e-05
4.3543800000001214e-05
4.354403500000122e-05
4.354427000000122e-05
4.354450500000122e-05
4.3544740000001226e-05
4.354497500000123e-05
4.354521000000123e-05
4.3545445000001235e-05
4.354568000000124e-05
4.354591500000124e-05
4.354615000000124e-05
4.3546385000001246e-05
4.354662000000125e-05
4.354685500000125e-05
4.3547090000001255e-05
4.354732500000126e-05
4.354756000000126e-05
4.3547795000001263e-05
4.3548030000001266e-05
4.354826500000127e-05
4.354850000000127e-05
4.3548735000001275e-05
4.354897000000128e-05
4.354920500000128e-05
4.3549440000001284e-05
4.3549675000001287e-05
4.354991000000129e-05
4.355014500000129e-05
4.3550380000001295e-05
4.35506150000013e-05
4.35508500000013e-05
4.3551085000001304e-05
4.355132000000131e-05
4.355155500000131e-05
4.355179000000131e-05
4.3552025000001315e-05
4.355226000000132e-05
4.355249500000132e-05
4.3552730000001324e-05
4.394025000000132e-05
4.4084805000001324e-05
4.4085040000001326e-05
4.408527500000133e-05
4.408551000000133e-05
4.447303000000133e-05
4.461758500000133e-05
4.4617820000001335e-05
4.461805500000134e-05
4.461829000000134e-05
4.461852500000134e-05
4.4618760000001346e-05
4.461899500000135e-05
4.461923000000135e-05
4.4619465000001355e-05
4.461970000000136e-05
4.461993500000136e-05
4.4620170000001363e-05
4.500769000000136e-05
4.515224500000136e-05
4.5152480000001366e-05
4.515271500000137e-05
4.515295000000137e-05
4.5153185000001374e-05
4.515342000000138e-05
4.515365500000138e-05
4.515389000000138e-05
4.5154125000001386e-05
4.5621875000001385e-05
4.581699000000139e-05
4.581722500000139e-05
4.581746000000139e-05
4.5817695000001396e-05
4.58179300000014e-05
4.58181650000014e-05
4.5818400000001404e-05
4.581863500000141e-05
4.581887000000141e-05
4.581910500000141e-05
4.5819340000001416e-05
4.581957500000142e-05
4.581981000000142e-05
4.5820045000001425e-05
4.582028000000143e-05
4.582051500000143e-05
4.582075000000143e-05
4.5820985000001436e-05
4.582122000000144e-05
4.582145500000144e-05
4.5821690000001445e-05
4.582192500000145e-05
4.582216000000145e-05
4.5822395000001453e-05
4.5822630000001456e-05
4.582286500000146e-05
4.582310000000146e-05
4.5823335000001465e-05
4.582357000000147e-05
4.582380500000147e-05
4.5824040000001474e-05
4.5824275000001477e-05
4.582451000000148e-05
4.582474500000148e-05
4.5824980000001485e-05
4.582521500000149e-05
4.582545000000149e-05
4.5825685000001494e-05
4.58259200000015e-05
4.58261550000015e-05
4.58263900000015e-05
4.5826625000001505e-05
4.582686000000151e-05
4.582709500000151e-05
4.5827330000001514e-05
4.582756500000152e-05
4.582780000000152e-05
4.582803500000152e-05
4.5828270000001526e-05
4.582850500000153e-05
4.582874000000153e-05
4.5828975000001534e-05
4.582921000000154e-05
4.582944500000154e-05
4.582968000000154e-05
4.5829915000001546e-05
4.583015000000155e-05
4.583038500000155e-05
4.5830620000001554e-05
4.583085500000156e-05
4.583109000000156e-05
4.583132500000156e-05
4.5831560000001566e-05
4.583179500000157e-05
4.583203000000157e-05
4.5832265000001575e-05
4.583250000000158e-05
4.583273500000158e-05
4.622025500000158e-05
4.636481000000158e-05
4.636504500000158e-05
4.6365280000001586e-05
4.636551500000159e-05
4.636575000000159e-05
4.6365985000001594e-05
4.63662200000016e-05
4.63664550000016e-05
4.63666900000016e-05
4.6366925000001606e-05
4.636716000000161e-05
4.636739500000161e-05
4.6367630000001615e-05
4.643560000000161e-05
4.6472155000001615e-05
4.647239000000162e-05
4.647262500000162e-05
4.6472860000001624e-05
4.6473095000001627e-05
4.647333000000163e-05
4.647356500000163e-05
4.6473800000001635e-05
4.647403500000164e-05
4.647427000000164e-05
4.6474505000001644e-05
4.647474000000165e-05
4.647497500000165e-05
4.647521000000165e-05
4.6475445000001655e-05
4.647568000000166e-05
4.647591500000166e-05
4.6476150000001664e-05
4.647638500000167e-05
4.647662000000167e-05
4.647685500000167e-05
4.6477090000001676e-05
4.647732500000168e-05
4.647756000000168e-05
4.6477795000001684e-05
4.647803000000169e-05
4.647826500000169e-05
4.647850000000169e-05
4.6478735000001696e-05
4.64789700000017e-05
4.64792050000017e-05
4.6479440000001705e-05
4.647967500000171e-05
4.647991000000171e-05
4.648014500000171e-05
4.6480380000001716e-05
4.690935500000171e-05
4.7082790000001716e-05
4.708302500000172e-05
4.708326000000172e-05
4.7083495000001725e-05
4.708373000000173e-05
4.708396500000173e-05
4.7084200000001734e-05
4.7084435000001737e-05
4.708467000000174e-05
4.708490500000174e-05
4.7085140000001745e-05
4.708537500000175e-05
4.708561000000175e-05
4.7085845000001754e-05
4.708608000000176e-05
4.708631500000176e-05
4.708655000000176e-05
4.7086785000001765e-05
4.708702000000177e-05
4.708725500000177e-05
4.7087490000001774e-05
4.708772500000178e-05
4.708796000000178e-05
4.708819500000178e-05
4.7088430000001786e-05
4.708866500000179e-05
4.708890000000179e-05
4.7089135000001794e-05
4.70893700000018e-05
4.70896050000018e-05
4.70898400000018e-05
4.7090075000001806e-05
4.709031000000181e-05
4.709054500000181e-05
4.7090780000001814e-05
4.709101500000182e-05
4.709125000000182e-05
4.709148500000182e-05
4.7091720000001826e-05
4.709195500000183e-05
4.709219000000183e-05
4.7092425000001835e-05
4.709266000000184e-05
4.711010000000184e-05
4.711769500000184e-05
4.7117930000001844e-05
4.7118165000001846e-05
4.711840000000185e-05
4.711863500000185e-05
4.7118870000001855e-05
4.711910500000186e-05
4.711934000000186e-05
4.7119575000001864e-05
4.7119810000001867e-05
4.712004500000187e-05
4.712028000000187e-05
4.7120515000001875e-05
4.712075000000188e-05
4.712098500000188e-05
4.7121220000001884e-05
4.712145500000189e-05
4.712169000000189e-05
4.712192500000189e-05
4.7122160000001895e-05
4.71223950000019e-05
4.71226300000019e-05
4.7122865000001904e-05
4.712310000000191e-05
4.712333500000191e-05
4.712357000000191e-05
4.7123805000001916e-05
4.712404000000192e-05
4.712427500000192e-05
4.7124510000001924e-05
4.712474500000193e-05
4.712498000000193e-05
4.712521500000193e-05
4.7125450000001936e-05
4.712568500000194e-05
4.712592000000194e-05
4.719381500000194e-05
4.723029000000194e-05
4.723052500000194e-05
4.7230760000001944e-05
4.723099500000195e-05
4.723123000000195e-05
4.723146500000195e-05
4.7231700000001955e-05
4.723193500000196e-05
4.723217000000196e-05
4.7232405000001964e-05
4.723264000000197e-05
4.723287500000197e-05
4.723311000000197e-05
4.7233345000001976e-05
4.723358000000198e-05
4.723381500000198e-05
4.7234050000001984e-05
4.723428500000199e-05
4.7268825000001984e-05
4.728362000000198e-05
4.7283855000001985e-05
4.728409000000199e-05
4.728432500000199e-05
4.7284560000001994e-05
4.7284795000002e-05
4.7285030000002e-05
4.7285265000002e-05
4.7285500000002006e-05
4.728573500000201e-05
4.728597000000201e-05
4.7286205000002014e-05
4.728644000000202e-05
4.728667500000202e-05
4.728691000000202e-05
4.7287145000002026e-05
4.728738000000203e-05
4.728761500000203e-05
4.7287850000002034e-05
4.728808500000204e-05
4.728832000000204e-05
4.728855500000204e-05
4.7288790000002046e-05
4.728902500000205e-05
4.728926000000205e-05
4.7289495000002055e-05
4.728973000000206e-05
4.728996500000206e-05
4.729020000000206e-05
4.7290435000002066e-05
4.729067000000207e-05
4.729090500000207e-05
4.7291140000002075e-05
4.729137500000208e-05
4.729161000000208e-05
4.7291845000002084e-05
4.735974000000208e-05
4.743614500000208e-05
4.7480060000002084e-05
4.748029500000209e-05
4.748053000000209e-05
4.748076500000209e-05
4.7481000000002095e-05
4.74812350000021e-05
4.74814700000021e-05
4.7481705000002104e-05
4.748194000000211e-05
4.748217500000211e-05
4.748241000000211e-05
4.7482645000002116e-05
4.748288000000212e-05
4.748311500000212e-05
4.7483350000002124e-05
4.748358500000213e-05
4.748382000000213e-05
4.748405500000213e-05
4.7484290000002136e-05
4.748452500000214e-05
4.748476000000214e-05
4.7484995000002145e-05
4.748523000000215e-05
4.748546500000215e-05
4.748570000000215e-05
4.7485935000002156e-05
4.748617000000216e-05
4.748640500000216e-05
4.7486640000002165e-05
4.748687500000217e-05
4.748711000000217e-05
4.7487345000002173e-05
4.7487580000002176e-05
4.7555475000002176e-05
4.759195000000217e-05
4.7592185000002176e-05
4.759242000000218e-05
4.759265500000218e-05
4.7592890000002184e-05
4.759312500000219e-05
4.759336000000219e-05
4.759359500000219e-05
4.7593830000002196e-05
4.75940650000022e-05
4.75943000000022e-05
4.7594535000002204e-05
4.759477000000221e-05
4.759500500000221e-05
4.759524000000221e-05
4.7595475000002216e-05
4.759571000000222e-05
4.759594500000222e-05
4.7596180000002225e-05
4.759641500000223e-05
4.759665000000223e-05
4.759688500000223e-05
4.7597120000002236e-05
4.759735500000224e-05
4.759759000000224e-05
4.7597825000002245e-05
4.759806000000225e-05
4.759829500000225e-05
4.7598530000002254e-05
4.7598765000002256e-05
4.759900000000226e-05
4.759923500000226e-05
4.7599470000002265e-05
4.759970500000227e-05
4.759994000000227e-05
4.7600175000002274e-05
4.760041000000228e-05
4.760064500000228e-05
4.760088000000228e-05
4.7601115000002285e-05
4.760135000000229e-05
4.760158500000229e-05
4.7601820000002294e-05
4.76020550000023e-05
4.76022900000023e-05
4.76025250000023e-05
4.7602760000002306e-05
4.760299500000231e-05
4.760323000000231e-05
4.7603465000002314e-05
4.760370000000232e-05
4.760393500000232e-05
4.760417000000232e-05
4.7604405000002326e-05
4.760464000000233e-05
4.760487500000233e-05
4.7605110000002334e-05
4.760534500000234e-05
4.760558000000234e-05
4.760581500000234e-05
4.7606050000002346e-05
4.760628500000235e-05
4.760652000000235e-05
4.7606755000002355e-05
4.760699000000236e-05
4.760722500000236e-05
4.760746000000236e-05
4.7607695000002366e-05
4.760793000000237e-05
4.760816500000237e-05
4.7608400000002375e-05
4.760863500000238e-05
4.760887000000238e-05
4.7609105000002383e-05
4.7609340000002386e-05
4.760957500000239e-05
4.760981000000239e-05
4.7610045000002395e-05
4.76102800000024e-05
4.76105150000024e-05
4.7610750000002404e-05
4.7610985000002407e-05
4.761122000000241e-05
4.761145500000241e-05
4.7611690000002415e-05
4.761192500000242e-05
4.761216000000242e-05
4.7612395000002424e-05
4.761263000000243e-05
4.761286500000243e-05
4.761310000000243e-05
4.7613335000002435e-05
4.761357000000244e-05
4.761380500000244e-05
4.7614040000002444e-05
4.801513500000244e-05
4.8166970000002446e-05
4.816720500000245e-05
4.816744000000245e-05
4.855496000000245e-05
4.869951500000245e-05
4.8699750000002454e-05
4.869998500000246e-05
4.870022000000246e-05
4.870045500000246e-05
4.8700690000002465e-05
4.870092500000247e-05
4.870116000000247e-05
4.8701395000002474e-05
4.870163000000248e-05
4.870186500000248e-05
4.870210000000248e-05
4.8702335000002486e-05
4.870257000000249e-05
4.870280500000249e-05
4.8703040000002494e-05
4.87032750000025e-05
4.87035100000025e-05
4.87037450000025e-05
4.8703980000002506e-05
4.870421500000251e-05
4.870445000000251e-05
4.8704685000002514e-05
4.870492000000252e-05
4.870515500000252e-05
4.870539000000252e-05
4.8705625000002526e-05
4.870586000000253e-05
4.870609500000253e-05
4.8706330000002535e-05
4.870656500000254e-05
4.870680000000254e-05
4.870703500000254e-05
4.8707270000002546e-05
4.870750500000255e-05
4.870774000000255e-05
4.8707975000002555e-05
4.870821000000256e-05
4.870844500000256e-05
4.8708680000002563e-05
4.8708915000002566e-05
4.870915000000257e-05
4.870938500000257e-05
4.8709620000002575e-05
4.870985500000258e-05
4.871009000000258e-05
4.8710325000002584e-05
4.8710560000002587e-05
4.871079500000259e-05
4.871103000000259e-05
4.8711265000002595e-05
4.87115000000026e-05
4.87117350000026e-05
4.8711970000002604e-05
4.871220500000261e-05
4.871244000000261e-05
4.871267500000261e-05
4.918042500000261e-05
4.9375540000002614e-05
4.9375775000002616e-05
4.937601000000262e-05
4.937624500000262e-05
4.9376480000002625e-05
4.937671500000263e-05
4.937695000000263e-05
4.9377185000002634e-05
4.9377420000002637e-05
4.937765500000264e-05
4.937789000000264e-05
4.9378125000002645e-05
4.941266500000264e-05
4.942746000000264e-05
4.9427695000002644e-05
4.9427930000002646e-05
4.942816500000265e-05
4.942840000000265e-05
4.948827000000265e-05
4.951762500000265e-05
4.9517860000002656e-05
4.951809500000266e-05
4.951833000000266e-05
4.9518565000002665e-05
4.951880000000267e-05
4.951903500000267e-05
4.951927000000267e-05
4.9519505000002676e-05
4.9562200000002675e-05
4.9584275000002674e-05
4.962697000000267e-05
4.964904500000267e-05
4.9649280000002674e-05
4.964951500000268e-05
4.964975000000268e-05
4.964998500000268e-05
4.9650220000002686e-05
4.965045500000269e-05
4.965069000000269e-05
4.9650925000002695e-05
4.96511600000027e-05
4.96513950000027e-05
4.96516300000027e-05
4.9651865000002706e-05
4.965210000000271e-05
4.965233500000271e-05
4.9652570000002715e-05
4.965280500000272e-05
5.031585500000272e-05
5.0647770000002715e-05
5.064800500000272e-05
5.064824000000272e-05
5.0648475000002724e-05
5.0648710000002727e-05
5.064894500000273e-05
5.064918000000273e-05
5.0649415000002735e-05
5.0666855000002736e-05
5.067445000000274e-05
5.067468500000274e-05
5.0674920000002744e-05
5.067515500000275e-05
5.067539000000275e-05
5.067562500000275e-05
5.0675860000002756e-05
5.067609500000276e-05
5.067633000000276e-05
5.0676565000002764e-05
5.067680000000277e-05
5.067703500000277e-05
5.113121000000277e-05
5.131904500000277e-05
5.131928000000277e-05
5.1319515000002775e-05
5.131975000000278e-05
5.131998500000278e-05
5.1320220000002783e-05
5.1320455000002786e-05
5.132069000000279e-05
5.132092500000279e-05
5.1321160000002795e-05
5.13213950000028e-05
5.13216300000028e-05
5.1321865000002804e-05
5.1322100000002807e-05
5.132233500000281e-05
5.132257000000281e-05
5.1322805000002815e-05
5.132304000000282e-05
5.132327500000282e-05
5.1323510000002824e-05
5.132374500000283e-05
5.132398000000283e-05
5.132421500000283e-05
5.1324450000002835e-05
5.132468500000284e-05
5.132492000000284e-05
5.1325155000002844e-05
5.132539000000285e-05
5.132562500000285e-05
5.132586000000285e-05
5.1326095000002856e-05
5.132633000000286e-05
5.132656500000286e-05
5.1326800000002864e-05
5.132703500000287e-05
5.132727000000287e-05
5.132750500000287e-05
5.139540000000287e-05
5.148883000000287e-05
5.153986500000287e-05
5.154010000000287e-05
5.1540335000002874e-05
5.154057000000288e-05
5.154080500000288e-05
5.154104000000288e-05
5.1541275000002886e-05
5.154151000000289e-05
5.154174500000289e-05
5.1541980000002894e-05
5.15422150000029e-05
5.15424500000029e-05
5.15426850000029e-05
5.1542920000002906e-05
5.154315500000291e-05
5.154339000000291e-05
5.1543625000002914e-05
5.154386000000292e-05
5.154409500000292e-05
5.154433000000292e-05
5.1544565000002926e-05
5.154480000000293e-05
5.154503500000293e-05
5.1545270000002935e-05
5.154550500000294e-05
5.154574000000294e-05
5.154597500000294e-05
5.1546210000002946e-05
5.154644500000295e-05
5.154668000000295e-05
5.1546915000002955e-05
5.154715000000296e-05
5.154738500000296e-05
5.1547620000002964e-05
5.1547855000002966e-05
5.154809000000297e-05
5.154832500000297e-05
5.1548560000002975e-05
5.154879500000298e-05
5.154903000000298e-05
5.1549265000002984e-05
5.154950000000299e-05
5.154973500000299e-05
5.154997000000299e-05
5.1550205000002995e-05
5.158474500000299e-05
5.164294500000299e-05
5.167230000000299e-05
5.1672535000002995e-05
5.1672770000003e-05
5.2060290000002995e-05
5.2204845000003e-05
5.2205080000003e-05
5.2205315000003e-05
5.2205550000003006e-05
5.220578500000301e-05
5.220602000000301e-05
5.2206255000003014e-05
5.220649000000302e-05
5.220672500000302e-05
5.220696000000302e-05
5.2207195000003026e-05
5.2619915000003024e-05
5.2778870000003024e-05
5.277910500000303e-05
5.277934000000303e-05
5.277957500000303e-05
5.2779810000003036e-05
5.278004500000304e-05
5.278028000000304e-05
5.2780515000003044e-05
5.278075000000305e-05
5.278098500000305e-05
5.278122000000305e-05
5.2781455000003056e-05
5.278169000000306e-05
5.278192500000306e-05
5.2782160000003064e-05
5.278239500000307e-05
5.278263000000307e-05
5.278286500000307e-05
5.2783100000003076e-05
5.278333500000308e-05
5.278357000000308e-05
5.2783805000003085e-05
5.278404000000309e-05
5.278427500000309e-05
5.278451000000309e-05
5.2784745000003096e-05
5.27849800000031e-05
5.27852150000031e-05
5.2785450000003105e-05
5.278568500000311e-05
5.278592000000311e-05
5.328149500000311e-05
5.3498130000003114e-05
5.349836500000312e-05
5.349860000000312e-05
5.349883500000312e-05
5.3499070000003126e-05
5.349930500000313e-05
5.349954000000313e-05
5.3499775000003135e-05
5.350001000000314e-05
5.350024500000314e-05
5.350048000000314e-05
5.3500715000003146e-05
5.350095000000315e-05
5.350118500000315e-05
5.3501420000003155e-05
5.350165500000316e-05
5.350189000000316e-05
5.3502125000003163e-05
5.3502360000003166e-05
5.350259500000317e-05
5.350283000000317e-05
5.390392500000317e-05
5.4055760000003174e-05
5.4055995000003177e-05
5.405623000000318e-05
5.414130000000318e-05
5.418505500000318e-05
5.418529000000318e-05
5.4185525000003185e-05
5.418576000000319e-05
5.418599500000319e-05
5.4186230000003193e-05
5.4186465000003196e-05
5.41867000000032e-05
5.41869350000032e-05
5.4187170000003205e-05
5.418740500000321e-05
5.418764000000321e-05
5.4187875000003214e-05
5.4188110000003217e-05
5.418834500000322e-05
5.418858000000322e-05
5.4188815000003225e-05
5.418905000000323e-05
5.418928500000323e-05
5.4189520000003234e-05
5.418975500000324e-05
5.418999000000324e-05
5.419022500000324e-05
5.4190460000003245e-05
5.419069500000325e-05
5.419093000000325e-05
5.4191165000003254e-05
5.419140000000326e-05
5.419163500000326e-05
5.419187000000326e-05
5.4192105000003266e-05
5.419234000000327e-05
5.419257500000327e-05
5.4192810000003274e-05
5.419304500000328e-05
5.421048500000328e-05
5.421808000000328e-05
5.421831500000328e-05
5.4218550000003286e-05
5.421878500000329e-05
5.421902000000329e-05
5.4219255000003295e-05
5.42194900000033e-05
5.42197250000033e-05
5.42199600000033e-05
5.4220195000003306e-05
5.422043000000331e-05
5.422066500000331e-05
5.4220900000003315e-05
5.422113500000332e-05
5.422137000000332e-05
5.4221605000003323e-05
5.4221840000003326e-05
5.422207500000333e-05
5.422231000000333e-05
5.4222545000003335e-05
5.422278000000334e-05
5.422301500000334e-05
5.4223250000003344e-05
5.4223485000003347e-05
5.422372000000335e-05
5.422395500000335e-05
5.4224190000003355e-05
5.422442500000336e-05
5.422466000000336e-05
5.4224895000003364e-05
5.422513000000337e-05
5.422536500000337e-05
5.422560000000337e-05
5.4225835000003375e-05
5.422607000000338e-05
5.422630500000338e-05
5.4226540000003384e-05
5.422677500000339e-05
5.422701000000339e-05
5.422724500000339e-05
5.4227480000003396e-05
5.42277150000034e-05
5.42279500000034e-05
5.4228185000003404e-05
5.422842000000341e-05
5.422865500000341e-05
5.422889000000341e-05
5.4229125000003416e-05
5.422936000000342e-05
5.422959500000342e-05
5.4229830000003425e-05
5.426437000000342e-05
5.427916500000342e-05
5.427940000000342e-05
5.4279635000003426e-05
5.427987000000343e-05
5.429738500000343e-05
5.430506000000343e-05
5.430529500000343e-05
5.4305530000003435e-05
5.430576500000344e-05
5.430600000000344e-05
5.430623500000344e-05
5.4306470000003446e-05
5.430670500000345e-05
5.430694000000345e-05
5.4307175000003455e-05
5.430741000000346e-05
5.430764500000346e-05
5.4307880000003464e-05
5.4308115000003466e-05
5.430835000000347e-05
5.430858500000347e-05
5.4308820000003475e-05
5.430905500000348e-05
5.430929000000348e-05
5.4309525000003484e-05
5.430976000000349e-05
5.430999500000349e-05
5.431023000000349e-05
5.4310465000003495e-05
5.43107000000035e-05
5.43109350000035e-05
5.4311170000003504e-05
5.431140500000351e-05
5.431164000000351e-05
5.431187500000351e-05
5.4312110000003516e-05
5.431234500000352e-05
5.431258000000352e-05
5.4312815000003524e-05
5.431305000000353e-05
5.431328500000353e-05
5.431352000000353e-05
5.433103500000353e-05
5.433871000000353e-05
5.4338945000003536e-05
5.433918000000354e-05
5.433941500000354e-05
5.4339650000003545e-05
5.433988500000355e-05
5.434012000000355e-05
5.434035500000355e-05
5.4357795000003554e-05
5.4365390000003556e-05
5.436562500000356e-05
5.436586000000356e-05
5.4366095000003565e-05
5.436633000000357e-05
5.436656500000357e-05
5.4366800000003574e-05
5.436703500000358e-05
5.436727000000358e-05
5.482144500000358e-05
5.500928000000358e-05
5.500951500000358e-05
5.5009750000003584e-05
5.500998500000359e-05
5.501022000000359e-05
5.501045500000359e-05
5.5010690000003596e-05
5.50109250000036e-05
5.50283650000036e-05
5.50359600000036e-05
5.5036195000003605e-05
5.503643000000361e-05
5.503666500000361e-05
5.503690000000361e-05
5.5037135000003616e-05
5.503737000000362e-05
5.503760500000362e-05
5.5037840000003625e-05
5.503807500000363e-05
5.503831000000363e-05
5.5038545000003634e-05
5.5038780000003636e-05
5.503901500000364e-05
5.503925000000364e-05
5.5039485000003645e-05
5.503972000000365e-05
5.503995500000365e-05
5.5040190000003654e-05
5.5040425000003657e-05
5.504066000000366e-05
5.504089500000366e-05
5.5550045000003664e-05
5.577396000000366e-05
5.5774195000003664e-05
5.577443000000367e-05
5.577466500000367e-05
5.577490000000367e-05
5.5775135000003676e-05
5.577537000000368e-05
5.577560500000368e-05
5.5775840000003685e-05
5.577607500000369e-05
5.577631000000369e-05
5.577654500000369e-05
5.5776780000003696e-05
5.57770150000037e-05
5.57772500000037e-05
5.5777485000003705e-05
5.577772000000371e-05
5.577795500000371e-05
5.5778190000003713e-05
5.5778425000003716e-05
5.577866000000372e-05
5.577889500000372e-05
5.5779130000003725e-05
5.577936500000373e-05
5.577960000000373e-05
5.582237000000373e-05
5.5844525000003726e-05
5.584476000000373e-05
5.584499500000373e-05
5.5845230000003734e-05
5.584546500000374e-05
5.584570000000374e-05
5.584593500000374e-05
5.5846170000003746e-05
5.584640500000375e-05
5.584664000000375e-05
5.5846875000003755e-05
5.584711000000376e-05
5.584734500000376e-05
5.584758000000376e-05
5.5847815000003766e-05
5.5915710000003766e-05
5.595218500000376e-05
5.5952420000003765e-05
5.595265500000377e-05
5.595289000000377e-05
5.5953125000003774e-05
5.595336000000378e-05
5.595359500000378e-05
5.595383000000378e-05
5.5954065000003786e-05
5.595430000000379e-05
5.595453500000379e-05
5.5954770000003794e-05
5.59550050000038e-05
5.59552400000038e-05
5.59554750000038e-05
5.5955710000003806e-05
5.5973225000003805e-05
5.5980900000003806e-05
5.598113500000381e-05
5.6015675000003806e-05
5.6030470000003804e-05
5.603070500000381e-05
5.603094000000381e-05
5.609073500000381e-05
5.6120010000003814e-05
5.612024500000382e-05
5.612048000000382e-05
5.612071500000382e-05
5.6120950000003825e-05
5.612118500000383e-05
5.612142000000383e-05
5.6121655000003834e-05
5.612189000000384e-05
5.612212500000384e-05
5.612236000000384e-05
5.6122595000003846e-05
5.612283000000385e-05
5.612306500000385e-05
5.6123300000003854e-05
5.612353500000386e-05
5.612377000000386e-05
5.612400500000386e-05
5.6124240000003866e-05
5.612447500000387e-05
5.612471000000387e-05
5.6124945000003874e-05
5.612518000000388e-05
5.612541500000388e-05
5.612565000000388e-05
5.6125885000003886e-05
5.612612000000389e-05
5.612635500000389e-05
5.6126590000003895e-05
5.61268250000039e-05
5.61270600000039e-05
5.61272950000039e-05
5.6127530000003906e-05
5.612776500000391e-05
5.612800000000391e-05
5.6128235000003915e-05
5.612847000000392e-05
5.612870500000392e-05
5.6128940000003923e-05
5.6129175000003926e-05
5.612941000000393e-05
5.612964500000393e-05
5.6129880000003935e-05
5.613011500000394e-05
5.613035000000394e-05
5.616489000000394e-05
5.6179685000003936e-05
5.617992000000394e-05
5.618015500000394e-05
5.6180390000003945e-05
5.618062500000395e-05
5.618086000000395e-05
5.6181095000003953e-05
5.6181330000003956e-05
5.618156500000396e-05
5.618180000000396e-05
5.6182035000003965e-05
5.618227000000397e-05
5.618250500000397e-05
5.6182740000003974e-05
5.6182975000003977e-05
5.618321000000398e-05
5.618344500000398e-05
5.6183680000003985e-05
5.618391500000399e-05
5.618415000000399e-05
5.6184385000003994e-05
5.6184620000004e-05
5.6184855000004e-05
5.6185090000004e-05
5.6252985000004e-05
5.6289460000004e-05
5.6289695000004e-05
5.6289930000004005e-05
5.629016500000401e-05
5.629040000000401e-05
5.630784000000401e-05
5.6315435000004014e-05
5.6315670000004016e-05
5.631590500000402e-05
5.633334500000402e-05
5.634094000000402e-05
5.6341175000004025e-05
5.634141000000403e-05
5.634164500000403e-05
5.6341880000004034e-05
5.634211500000404e-05
5.634235000000404e-05
5.634258500000404e-05
5.6342820000004045e-05
5.634305500000405e-05
5.634329000000405e-05
5.6343525000004054e-05
5.634376000000406e-05
5.634399500000406e-05
5.634423000000406e-05
5.6344465000004066e-05
5.634470000000407e-05
5.634493500000407e-05
5.6345170000004074e-05
5.634540500000408e-05
5.634564000000408e-05
5.634587500000408e-05
5.6346110000004086e-05
5.634634500000409e-05
5.634658000000409e-05
5.6346815000004095e-05
5.63470500000041e-05
5.63472850000041e-05
5.63475200000041e-05
5.6347755000004106e-05
5.634799000000411e-05
5.634822500000411e-05
5.6348460000004115e-05
5.634869500000412e-05
5.634893000000412e-05
5.6349165000004123e-05
5.6349400000004126e-05
5.634963500000413e-05
5.634987000000413e-05
5.6350105000004135e-05
5.635034000000414e-05
5.635057500000414e-05
5.6350810000004144e-05
5.6351045000004147e-05
5.635128000000415e-05
5.635151500000415e-05
5.6351750000004155e-05
5.635198500000416e-05
5.635222000000416e-05
5.6352455000004164e-05
5.635269000000417e-05
5.635292500000417e-05
5.635316000000417e-05
5.6353395000004175e-05
5.635363000000418e-05
5.635386500000418e-05
5.6354100000004184e-05
5.635433500000419e-05
5.635457000000419e-05
5.635480500000419e-05
5.6355040000004196e-05
5.63552750000042e-05
5.63555100000042e-05
5.6355745000004204e-05
5.635598000000421e-05
5.635621500000421e-05
5.635645000000421e-05
5.6356685000004216e-05
5.635692000000422e-05
5.635715500000422e-05
5.6357390000004224e-05
5.635762500000423e-05
5.635786000000423e-05
5.635809500000423e-05
5.6358330000004236e-05
5.635856500000424e-05
5.635880000000424e-05
5.6359035000004245e-05
5.635927000000425e-05
5.635950500000425e-05
5.635974000000425e-05
5.6359975000004256e-05
5.636021000000426e-05
5.636044500000426e-05
5.6360680000004265e-05
5.636091500000427e-05
5.636115000000427e-05
5.6361385000004274e-05
5.6361620000004276e-05
5.636185500000428e-05
5.636209000000428e-05
5.6362325000004285e-05
5.636256000000429e-05
5.636279500000429e-05
5.6363030000004294e-05
5.63632650000043e-05
5.63635000000043e-05
5.63637350000043e-05
5.6363970000004305e-05
5.636420500000431e-05
5.636444000000431e-05
5.6364675000004314e-05
5.640737000000431e-05
5.642944500000431e-05
5.644688500000431e-05
5.6454480000004315e-05
5.645471500000432e-05
5.645495000000432e-05
5.645518500000432e-05
5.6455420000004326e-05
5.645565500000433e-05
5.645589000000433e-05
5.6456125000004335e-05
5.645636000000434e-05
5.645659500000434e-05
5.6456830000004344e-05
5.6457065000004346e-05
5.645730000000435e-05
5.6491840000004346e-05
5.6506635000004345e-05
5.650687000000435e-05
5.650710500000435e-05
5.650734000000435e-05
5.6507575000004356e-05
5.650781000000436e-05
5.650804500000436e-05
5.6508280000004365e-05
5.650851500000437e-05
5.650875000000437e-05
5.6508985000004374e-05
5.6509220000004376e-05
5.650945500000438e-05
5.650969000000438e-05
5.6509925000004385e-05
5.651016000000439e-05
5.651039500000439e-05
5.6510630000004394e-05
5.65108650000044e-05
5.65111000000044e-05
5.65113350000044e-05
5.6511570000004405e-05
5.651180500000441e-05
5.651204000000441e-05
5.6512275000004414e-05
5.651251000000442e-05
5.651274500000442e-05
5.651298000000442e-05
5.6513215000004426e-05
5.651345000000443e-05
5.651368500000443e-05
5.6513920000004434e-05
5.651415500000444e-05
5.651439000000444e-05
5.651462500000444e-05
5.6514860000004446e-05
5.651509500000445e-05
5.651533000000445e-05
5.6515565000004454e-05
5.651580000000446e-05
5.651603500000446e-05
5.651627000000446e-05
5.6516505000004466e-05
5.651674000000447e-05
5.651697500000447e-05
5.6517210000004475e-05
5.651744500000448e-05
5.651768000000448e-05
5.651791500000448e-05
5.6518150000004486e-05
5.651838500000449e-05
5.651862000000449e-05
5.6518855000004495e-05
5.65190900000045e-05
5.65193250000045e-05
5.6519560000004503e-05
5.6519795000004506e-05
5.652003000000451e-05
5.652026500000451e-05
5.6520500000004515e-05
5.652073500000452e-05
5.652097000000452e-05
5.6521205000004524e-05
5.6521440000004527e-05
5.652167500000453e-05
5.652191000000453e-05
5.6522145000004535e-05
5.652238000000454e-05
5.652261500000454e-05
5.6522850000004544e-05
5.652308500000455e-05
5.652332000000455e-05
5.652355500000455e-05
5.6523790000004555e-05
5.652402500000456e-05
5.652426000000456e-05
5.6524495000004564e-05
5.652473000000457e-05
5.652496500000457e-05
5.652520000000457e-05
5.6525435000004576e-05
5.652567000000458e-05
5.652590500000458e-05
5.6526140000004584e-05
5.652637500000459e-05
5.652661000000459e-05
5.652684500000459e-05
5.6527080000004596e-05
5.65273150000046e-05
5.65275500000046e-05
5.6527785000004605e-05
5.652802000000461e-05
5.652825500000461e-05
5.652849000000461e-05
5.656303000000461e-05
5.657782500000461e-05
5.657806000000461e-05
5.6578295000004614e-05
5.657853000000462e-05
5.657876500000462e-05
5.657900000000462e-05
5.6579235000004626e-05
5.657947000000463e-05
5.657970500000463e-05
5.6579940000004635e-05
5.658017500000464e-05
5.658041000000464e-05
5.658064500000464e-05
5.6580880000004646e-05
5.658111500000465e-05
5.658135000000465e-05
5.6581585000004655e-05
5.658182000000466e-05
5.658205500000466e-05
5.6582290000004663e-05
5.6582525000004666e-05
5.658276000000467e-05
5.658299500000467e-05
5.6583230000004675e-05
5.658346500000468e-05
5.658370000000468e-05
5.6583935000004684e-05
5.6584170000004687e-05
5.658440500000469e-05
5.658464000000469e-05
5.6584875000004695e-05
5.65851100000047e-05
5.65853450000047e-05
5.6585580000004704e-05
5.658581500000471e-05
5.658605000000471e-05
5.658628500000471e-05
5.6586520000004715e-05
5.658675500000472e-05
5.658699000000472e-05
5.6587225000004724e-05
5.658746000000473e-05
5.658769500000473e-05
5.658793000000473e-05
5.6588165000004736e-05
5.658840000000474e-05
5.660591500000474e-05
5.661359000000474e-05
5.661382500000474e-05
5.6614060000004745e-05
5.661429500000475e-05
5.661453000000475e-05
5.661476500000475e-05
5.7277815000004754e-05
5.760973000000475e-05
5.7609965000004753e-05
5.7610200000004756e-05
5.761043500000476e-05
5.824828500000476e-05
5.856580000000476e-05
5.856603500000476e-05
5.8566270000004764e-05
5.8566505000004767e-05
5.856674000000477e-05
5.856697500000477e-05
5.8567210000004775e-05
5.856744500000478e-05
5.856768000000478e-05
5.8567915000004784e-05
5.856815000000479e-05
5.856838500000479e-05
5.856862000000479e-05
5.8568855000004795e-05
5.85690900000048e-05
5.85693250000048e-05
5.86120200000048e-05
5.86340950000048e-05
5.86343300000048e-05
5.8634565000004805e-05
5.863480000000481e-05
5.863503500000481e-05
5.863527000000481e-05
5.8635505000004816e-05
5.863574000000482e-05
5.863597500000482e-05
5.8636210000004825e-05
5.863644500000483e-05
5.863668000000483e-05
5.8636915000004833e-05
5.8637150000004836e-05
5.863738500000484e-05
5.863762000000484e-05
5.8637855000004845e-05
5.863809000000485e-05
5.863832500000485e-05
5.8638560000004854e-05
5.8638795000004857e-05
5.863903000000486e-05
5.863926500000486e-05
5.8639500000004865e-05
5.863973500000487e-05
5.863997000000487e-05
5.8640205000004874e-05
5.864044000000488e-05
5.864067500000488e-05
5.913625000000488e-05
5.9352885000004883e-05
5.9353120000004886e-05
5.935335500000489e-05
5.935359000000489e-05
5.938813000000489e-05
5.942930500000489e-05
5.945154000000489e-05
5.945177500000489e-05
5.945201000000489e-05
5.951188000000489e-05
5.954123500000489e-05
5.9541470000004896e-05
5.95417050000049e-05
5.95419400000049e-05
5.9542175000004905e-05
5.954241000000491e-05
5.954264500000491e-05
5.9542880000004914e-05
5.9543115000004916e-05
5.954335000000492e-05
5.961124500000492e-05
5.9647720000004916e-05
5.964795500000492e-05
5.964819000000492e-05
5.9648425000004924e-05
5.964866000000493e-05
5.964889500000493e-05
5.964913000000493e-05
5.9649365000004936e-05
5.964960000000494e-05
5.964983500000494e-05
5.9650070000004945e-05
5.965030500000495e-05
5.965054000000495e-05
5.965077500000495e-05
5.9651010000004956e-05
5.965124500000496e-05
5.965148000000496e-05
5.9651715000004965e-05
5.965195000000497e-05
5.965218500000497e-05
5.9652420000004973e-05
5.9652655000004976e-05
5.965289000000498e-05
5.965312500000498e-05
5.9653360000004985e-05
5.965359500000499e-05
5.965383000000499e-05
5.9654065000004994e-05
5.9654300000004997e-05
5.9654535000005e-05
5.9654770000005e-05
5.9655005000005005e-05
5.965524000000501e-05
5.9689780000005005e-05
5.9704575000005003e-05
5.9722090000005e-05
5.9729765000005004e-05
5.973000000000501e-05
5.973023500000501e-05
5.973047000000501e-05
5.9730705000005015e-05
5.973094000000502e-05
5.973117500000502e-05
5.9731410000005024e-05
5.973164500000503e-05
5.973188000000503e-05
5.973211500000503e-05
5.9732350000005036e-05
5.973258500000504e-05
5.973282000000504e-05
5.9733055000005044e-05
5.973329000000505e-05
5.973352500000505e-05
5.973376000000505e-05
5.9733995000005056e-05
5.973423000000506e-05
5.973446500000506e-05
5.9734700000005064e-05
5.973493500000507e-05
5.973517000000507e-05
5.973540500000507e-05
5.9735640000005076e-05
5.973587500000508e-05
5.973611000000508e-05
5.9736345000005085e-05
5.973658000000509e-05
5.973681500000509e-05
5.973705000000509e-05
5.9737285000005096e-05
5.97375200000051e-05
5.97377550000051e-05
5.9737990000005105e-05
5.973822500000511e-05
5.973846000000511e-05
5.9738695000005113e-05
5.9738930000005116e-05
5.973916500000512e-05
5.973940000000512e-05
5.9739635000005125e-05
5.973987000000513e-05
5.974010500000513e-05
5.9740340000005134e-05
5.9740575000005137e-05
5.974081000000514e-05
5.974104500000514e-05
5.9741280000005145e-05
5.974151500000515e-05
5.974175000000515e-05
5.9741985000005154e-05
5.974222000000516e-05
5.974245500000516e-05
5.974269000000516e-05
5.9742925000005165e-05
5.974316000000517e-05
5.974339500000517e-05
5.9743630000005174e-05
5.974386500000518e-05
5.974410000000518e-05
5.974433500000518e-05
5.9744570000005186e-05
5.974480500000519e-05
5.974504000000519e-05
5.9745275000005194e-05
5.97455100000052e-05
5.97457450000052e-05
5.97459800000052e-05
5.9746215000005206e-05
5.974645000000521e-05
5.974668500000521e-05
5.9746920000005215e-05
5.974715500000522e-05
5.974739000000522e-05
5.974762500000522e-05
5.9747860000005226e-05
5.974809500000523e-05
5.974833000000523e-05
5.9748565000005235e-05
5.974880000000524e-05
5.974903500000524e-05
5.9749270000005243e-05
5.9749505000005246e-05
5.974974000000525e-05
5.974997500000525e-05
5.9750210000005255e-05
5.975044500000526e-05
5.975068000000526e-05
5.9750915000005264e-05
5.9751150000005267e-05
5.975138500000527e-05
5.975162000000527e-05
5.9751855000005275e-05
5.975209000000528e-05
6.0194640000005276e-05
6.0375355000005274e-05
6.0375590000005276e-05
6.037582500000528e-05
6.037606000000528e-05
6.0376295000005285e-05
6.0444190000005285e-05
6.048066500000528e-05
6.049818000000528e-05
6.050585500000528e-05
6.0506090000005285e-05
6.050632500000529e-05
6.050656000000529e-05
6.0506795000005293e-05
6.0507030000005296e-05
6.05072650000053e-05
6.05075000000053e-05
6.0507735000005305e-05
6.050797000000531e-05
6.050820500000531e-05
6.0508440000005314e-05
6.0508675000005316e-05
6.0551370000005315e-05
6.0573445000005314e-05
6.057368000000532e-05
6.057391500000532e-05
6.057415000000532e-05
6.0574385000005326e-05
6.057462000000533e-05
6.057485500000533e-05
6.0575090000005334e-05
6.057532500000534e-05
6.057556000000534e-05
6.057579500000534e-05
6.0576030000005346e-05
6.057626500000535e-05
6.057650000000535e-05
6.0576735000005355e-05
6.057697000000536e-05
6.057720500000536e-05
6.057744000000536e-05
6.0577675000005366e-05
6.057791000000537e-05
6.057814500000537e-05
6.0578380000005375e-05
6.057861500000538e-05
6.066361000000538e-05
6.070728500000538e-05
6.070752000000538e-05
6.0707755000005386e-05
6.070799000000539e-05
6.070822500000539e-05
6.0708460000005394e-05
6.07086950000054e-05
6.0726210000005396e-05
6.07338850000054e-05
6.07341200000054e-05
6.0734355000005403e-05
6.0734590000005406e-05
6.073482500000541e-05
6.073506000000541e-05
6.0735295000005415e-05
6.073553000000542e-05
6.073576500000542e-05
6.0736000000005424e-05
6.0736235000005427e-05
6.073647000000543e-05
6.073670500000543e-05
6.0736940000005435e-05
6.073717500000544e-05
6.073741000000544e-05
6.0737645000005444e-05
6.073788000000545e-05
6.073811500000545e-05
6.073835000000545e-05
6.0738585000005455e-05
6.073882000000546e-05
6.073905500000546e-05
6.0739290000005464e-05
6.073952500000547e-05
6.073976000000547e-05
6.073999500000547e-05
6.0740230000005476e-05
6.074046500000548e-05
6.074070000000548e-05
6.0740935000005484e-05
6.074117000000549e-05
6.074140500000549e-05
6.074164000000549e-05
6.0741875000005496e-05
6.07421100000055e-05
6.07423450000055e-05
6.0742580000005504e-05
6.074281500000551e-05
6.074305000000551e-05
6.074328500000551e-05
6.0743520000005516e-05
6.074375500000552e-05
6.074399000000552e-05
6.0744225000005525e-05
6.074446000000553e-05
6.074469500000553e-05
6.074493000000553e-05
6.0745165000005536e-05
6.074540000000554e-05
6.074563500000554e-05
6.0745870000005545e-05
6.074610500000555e-05
6.074634000000555e-05
6.0746575000005554e-05
6.0746810000005556e-05
6.074704500000556e-05
6.074728000000556e-05
6.0747515000005565e-05
6.074775000000557e-05
6.074798500000557e-05
6.0748220000005574e-05
6.0955615000005574e-05
6.107129000000558e-05
6.107152500000557e-05
6.107176000000557e-05
6.107199500000556e-05
6.107223000000556e-05
6.107246500000556e-05
6.107270000000555e-05
6.107293500000555e-05
6.107317000000554e-05
6.107340500000554e-05
6.107364000000554e-05
6.107387500000553e-05
6.107411000000553e-05
6.107434500000552e-05
6.107458000000552e-05
6.107481500000552e-05
6.107505000000551e-05
6.107528500000551e-05
6.10755200000055e-05
6.10757550000055e-05
6.10759900000055e-05
6.10762250000055e-05
6.107646000000549e-05
6.107669500000549e-05
6.107693000000548e-05
6.107716500000548e-05
6.107740000000547e-05
6.107763500000547e-05
6.107787000000547e-05
6.111241000000547e-05
6.112720500000547e-05
6.112744000000546e-05
6.112767500000546e-05
6.112791000000546e-05
6.112814500000545e-05
6.112838000000545e-05
6.112861500000545e-05
6.151613500000545e-05
6.176809500000544e-05
6.192001000000544e-05
6.192024500000543e-05
6.192048000000543e-05
6.192071500000543e-05
6.192095000000542e-05
6.192118500000542e-05
6.192142000000542e-05
6.192165500000541e-05
6.192189000000541e-05
6.19221250000054e-05
6.19223600000054e-05
6.19225950000054e-05
6.192283000000539e-05
6.192306500000539e-05
6.192330000000538e-05
6.192353500000538e-05
6.192377000000538e-05
6.192400500000537e-05
6.192424000000537e-05
6.192447500000536e-05
6.192471000000536e-05
6.192494500000536e-05
6.192518000000535e-05
6.192541500000535e-05
6.201041000000535e-05
6.209844000000536e-05
6.214947500000536e-05
6.218401500000536e-05
6.219881000000536e-05
6.219904500000535e-05
6.219928000000535e-05
6.219951500000535e-05
6.219975000000534e-05
6.219998500000534e-05
6.220022000000534e-05
6.220045500000533e-05
6.220069000000533e-05
6.220092500000532e-05
6.220116000000532e-05
6.220139500000532e-05
6.220163000000531e-05
6.220186500000531e-05
6.22021000000053e-05
6.22023350000053e-05
6.22198500000053e-05
6.22275250000053e-05
6.22277600000053e-05
6.22957300000053e-05
6.23322850000053e-05
6.23325200000053e-05
6.233275500000529e-05
6.233299000000529e-05
6.233322500000528e-05
6.233346000000528e-05
6.233369500000527e-05
6.233393000000527e-05
6.233416500000527e-05
6.233440000000526e-05
6.233463500000526e-05
6.233487000000525e-05
6.233510500000525e-05
6.233534000000525e-05
6.233557500000524e-05
6.233581000000524e-05
6.233604500000524e-05
6.233628000000523e-05
6.233651500000523e-05
6.233675000000522e-05
6.233698500000522e-05
6.233722000000522e-05
6.233745500000521e-05
6.233769000000521e-05
6.23379250000052e-05
6.23381600000052e-05
6.23383950000052e-05
6.233863000000519e-05
6.233886500000519e-05
6.233910000000518e-05
6.233933500000518e-05
6.233957000000518e-05
6.233980500000517e-05
6.234004000000517e-05
6.234027500000517e-05
6.234051000000516e-05
6.234074500000516e-05
6.234098000000515e-05
6.234121500000515e-05
6.234145000000515e-05
6.234168500000514e-05
6.234192000000514e-05
6.234215500000513e-05
6.234239000000513e-05
6.234262500000513e-05
6.234286000000512e-05
6.234309500000512e-05
6.234333000000511e-05
6.234356500000511e-05
6.234380000000511e-05
6.23440350000051e-05
6.23442700000051e-05
6.23445050000051e-05
6.234474000000509e-05
6.234497500000509e-05
6.234521000000508e-05
6.234544500000508e-05
6.234568000000508e-05
6.234591500000507e-05
6.277489000000507e-05
6.294832500000507e-05
6.294856000000506e-05
6.294879500000506e-05
6.294903000000505e-05
6.294926500000505e-05
6.294950000000505e-05
6.294973500000504e-05
6.294997000000504e-05
6.295020500000503e-05
6.295044000000503e-05
6.295067500000503e-05
6.295091000000502e-05
6.295114500000502e-05
6.295138000000501e-05
6.295161500000501e-05
6.295185000000501e-05
6.2952085000005e-05
6.2952320000005e-05
6.2952555000005e-05
6.295279000000499e-05
6.295302500000499e-05
6.295326000000498e-05
6.295349500000498e-05
6.295373000000498e-05
6.295396500000497e-05
6.295420000000497e-05
6.295443500000496e-05
6.295467000000496e-05
6.295490500000496e-05
6.295514000000495e-05
6.295537500000495e-05
6.295561000000494e-05
6.295584500000494e-05
6.295608000000494e-05
6.295631500000493e-05
6.295655000000493e-05
6.295678500000493e-05
6.295702000000492e-05
6.295725500000492e-05
6.302522500000492e-05
6.306178000000492e-05
6.306201500000491e-05
6.306225000000491e-05
6.30624850000049e-05
6.30627200000049e-05
6.30629550000049e-05
6.30631900000049e-05
6.306342500000489e-05
6.306366000000489e-05
6.306389500000488e-05
6.310659000000488e-05
6.322362500000488e-05
6.330378000000488e-05
6.332129500000488e-05
6.332897000000488e-05
6.332920500000488e-05
6.332944000000487e-05
6.332967500000487e-05
6.332991000000486e-05
6.333014500000486e-05
6.333038000000486e-05
6.333061500000485e-05
6.333085000000485e-05
6.333108500000484e-05
6.333132000000484e-05
6.333155500000484e-05
6.333179000000483e-05
6.333202500000483e-05
6.333226000000483e-05
6.333249500000482e-05
6.333273000000482e-05
6.333296500000481e-05
6.333320000000481e-05
6.33334350000048e-05
6.33336700000048e-05
6.33339050000048e-05
6.33341400000048e-05
6.333437500000479e-05
6.333461000000479e-05
6.333484500000478e-05
6.333508000000478e-05
6.333531500000477e-05
6.333555000000477e-05
6.333578500000477e-05
6.333602000000476e-05
6.333625500000476e-05
6.333649000000476e-05
6.333672500000475e-05
6.333696000000475e-05
6.333719500000474e-05
6.333743000000474e-05
6.333766500000474e-05
6.333790000000473e-05
6.333813500000473e-05
6.333837000000472e-05
6.333860500000472e-05
6.333884000000472e-05
6.333907500000471e-05
6.333931000000471e-05
6.33395450000047e-05
6.33397800000047e-05
6.33400150000047e-05
6.334025000000469e-05
6.334048500000469e-05
6.334072000000469e-05
6.334095500000468e-05
6.334119000000468e-05
6.334142500000467e-05
6.334166000000467e-05
6.334189500000467e-05
6.334213000000466e-05
6.334236500000466e-05
6.334260000000465e-05
6.334283500000465e-05
6.334307000000465e-05
6.341104000000464e-05
6.344759500000465e-05
6.344783000000464e-05
6.349052500000464e-05
6.351260000000465e-05
6.351283500000464e-05
6.351307000000464e-05
6.351330500000464e-05
6.351354000000463e-05
6.351377500000463e-05
6.351401000000462e-05
6.351424500000462e-05
6.351448000000462e-05
6.351471500000461e-05
6.351495000000461e-05
6.35151850000046e-05
6.35154200000046e-05
6.35156550000046e-05
6.351589000000459e-05
6.351612500000459e-05
6.351636000000459e-05
6.351659500000458e-05
6.351683000000458e-05
6.351706500000457e-05
6.351730000000457e-05
6.351753500000457e-05
6.351777000000456e-05
6.351800500000456e-05
6.351824000000455e-05
6.351847500000455e-05
6.351871000000455e-05
6.351894500000454e-05
6.351918000000454e-05
6.351941500000453e-05
6.351965000000453e-05
6.351988500000453e-05
6.352012000000452e-05
6.352035500000452e-05
6.352059000000452e-05
6.352082500000451e-05
6.352106000000451e-05
6.35212950000045e-05
6.35215300000045e-05
6.35217650000045e-05
6.352200000000449e-05
6.352223500000449e-05
6.352247000000448e-05
6.352270500000448e-05
6.352294000000448e-05
6.352317500000447e-05
6.352341000000447e-05
6.352364500000446e-05
6.352388000000446e-05
6.352411500000446e-05
6.352435000000445e-05
6.352458500000445e-05
6.352482000000445e-05
6.352505500000444e-05
6.352529000000444e-05
6.352552500000443e-05
6.352576000000443e-05
6.352599500000443e-05
6.352623000000442e-05
6.352646500000442e-05
6.352670000000441e-05
6.352693500000441e-05
6.35271700000044e-05
6.35274050000044e-05
6.35276400000044e-05
6.35278750000044e-05
6.352811000000439e-05
6.352834500000439e-05
6.352858000000438e-05
6.352881500000438e-05
6.352905000000438e-05
6.352928500000437e-05
6.352952000000437e-05
6.352975500000436e-05
6.352999000000436e-05
6.353022500000436e-05
6.353046000000435e-05
6.353069500000435e-05
6.353093000000434e-05
6.353116500000434e-05
6.353140000000434e-05
6.353163500000433e-05
6.353187000000433e-05
6.353210500000432e-05
6.353234000000432e-05
6.353257500000432e-05
6.397512500000432e-05
6.415584000000433e-05
6.415607500000432e-05
6.415631000000432e-05
6.415654500000431e-05
6.415678000000431e-05
6.41570150000043e-05
6.41572500000043e-05
6.41574850000043e-05
6.41577200000043e-05
6.415795500000429e-05
6.415819000000429e-05
6.415842500000428e-05
6.415866000000428e-05
6.415889500000428e-05
6.415913000000427e-05
6.415936500000427e-05
6.415960000000426e-05
6.415983500000426e-05
6.416007000000426e-05
6.416030500000425e-05
6.416054000000425e-05
6.416077500000424e-05
6.416101000000424e-05
6.416124500000424e-05
6.416148000000423e-05
6.416171500000423e-05
6.416195000000422e-05
6.416218500000422e-05
6.416242000000422e-05
6.416265500000421e-05
6.416289000000421e-05
6.41631250000042e-05
6.41633600000042e-05
6.41635950000042e-05
6.41638300000042e-05
6.416406500000419e-05
6.416430000000419e-05
6.416453500000418e-05
6.416477000000418e-05
6.416500500000417e-05
6.416524000000417e-05
6.416547500000417e-05
6.416571000000416e-05
6.459200500000416e-05
6.475824000000416e-05
6.475847500000415e-05
6.475871000000415e-05
6.475894500000414e-05
6.475918000000414e-05
6.475941500000414e-05
6.475965000000413e-05
6.475988500000413e-05
6.476012000000412e-05
6.476035500000412e-05
6.476059000000412e-05
6.476082500000411e-05
6.476106000000411e-05
6.47612950000041e-05
6.47615300000041e-05
6.47617650000041e-05
6.47620000000041e-05
6.476223500000409e-05
6.476247000000409e-05
6.476270500000408e-05
6.476294000000408e-05
6.476317500000407e-05
6.476341000000407e-05
6.476364500000407e-05
6.476388000000406e-05
6.476411500000406e-05
6.476435000000405e-05
6.476458500000405e-05
6.476482000000405e-05
6.476505500000404e-05
6.476529000000404e-05
6.476552500000404e-05
6.476576000000403e-05
6.476599500000403e-05
6.476623000000402e-05
6.476646500000402e-05
6.476670000000402e-05
6.476693500000401e-05
6.476717000000401e-05
6.4767405000004e-05
6.4767640000004e-05
6.4767875000004e-05
6.476811000000399e-05
6.476834500000399e-05
6.476858000000398e-05
6.476881500000398e-05
6.476905000000398e-05
6.476928500000397e-05
6.476952000000397e-05
6.476975500000397e-05
6.476999000000396e-05
6.477022500000396e-05
6.477046000000395e-05
6.477069500000395e-05
6.477093000000395e-05
6.477116500000394e-05
6.477140000000394e-05
6.477163500000393e-05
6.477187000000393e-05
6.477210500000393e-05
6.477234000000392e-05
6.477257500000392e-05
6.477281000000391e-05
6.477304500000391e-05
6.477328000000391e-05
6.47735150000039e-05
6.47737500000039e-05
6.47739850000039e-05
6.477422000000389e-05
6.477445500000389e-05
6.477469000000388e-05
6.477492500000388e-05
6.477516000000388e-05
6.477539500000387e-05
6.477563000000387e-05
6.477586500000386e-05
6.477610000000386e-05
6.520507500000386e-05
6.537851000000385e-05
6.537874500000385e-05
6.537898000000385e-05
6.537921500000384e-05
6.537945000000384e-05
6.537968500000383e-05
6.537992000000383e-05
6.538015500000383e-05
6.538039000000382e-05
6.538062500000382e-05
6.538086000000382e-05
6.538109500000381e-05
6.538133000000381e-05
6.53815650000038e-05
6.53818000000038e-05
6.53820350000038e-05
6.538227000000379e-05
6.538250500000379e-05
6.538274000000378e-05
6.538297500000378e-05
6.538321000000378e-05
6.538344500000377e-05
6.538368000000377e-05
6.538391500000376e-05
6.538415000000376e-05
6.538438500000376e-05
6.538462000000375e-05
6.538485500000375e-05
6.538509000000375e-05
6.538532500000374e-05
6.538556000000374e-05
6.538579500000373e-05
6.538603000000373e-05
6.538626500000373e-05
6.538650000000372e-05
6.538673500000372e-05
6.538697000000371e-05
6.538720500000371e-05
6.53874400000037e-05
6.53876750000037e-05
6.53879100000037e-05
6.53881450000037e-05
6.538838000000369e-05
6.538861500000369e-05
6.538885000000368e-05
6.538908500000368e-05
6.538932000000368e-05
6.538955500000367e-05
6.538979000000367e-05
6.539002500000366e-05
6.539026000000366e-05
6.539049500000366e-05
6.539073000000365e-05
6.539096500000365e-05
6.539120000000364e-05
6.539143500000364e-05
6.539167000000364e-05
6.539190500000363e-05
6.539214000000363e-05
6.539237500000362e-05
6.539261000000362e-05
6.539284500000362e-05
6.539308000000361e-05
6.539331500000361e-05
6.53935500000036e-05
6.53937850000036e-05
6.53940200000036e-05
6.53942550000036e-05
6.539449000000359e-05
6.539472500000359e-05
6.539496000000358e-05
6.539519500000358e-05
6.539543000000357e-05
6.539566500000357e-05
6.539590000000357e-05
6.539613500000356e-05
6.539637000000356e-05
6.539660500000355e-05
6.539684000000355e-05
6.602111500000355e-05
6.633135000000355e-05
6.633158500000354e-05
6.633182000000354e-05
6.633205500000354e-05
6.633229000000353e-05
6.633252500000353e-05
6.633276000000352e-05
6.633299500000352e-05
6.633323000000352e-05
6.633346500000351e-05
6.633370000000351e-05
6.63339350000035e-05
6.63341700000035e-05
6.63344050000035e-05
6.633464000000349e-05
6.633487500000349e-05
6.633511000000348e-05
6.633534500000348e-05
6.633558000000348e-05
6.633581500000347e-05
6.633605000000347e-05
6.633628500000347e-05
6.633652000000346e-05
6.633675500000346e-05
6.633699000000345e-05
6.633722500000345e-05
6.633746000000345e-05
6.633769500000344e-05
6.633793000000344e-05
6.633816500000343e-05
6.633840000000343e-05
6.633863500000343e-05
6.633887000000342e-05
6.633910500000342e-05
6.633934000000341e-05
6.633957500000341e-05
6.633981000000341e-05
6.63400450000034e-05
6.63402800000034e-05
6.63405150000034e-05
6.634075000000339e-05
6.634098500000339e-05
6.634122000000338e-05
6.634145500000338e-05
6.637599500000338e-05
6.639079000000338e-05
6.639102500000338e-05
6.639126000000337e-05
6.639149500000337e-05
6.639173000000337e-05
6.639196500000336e-05
6.639220000000336e-05
6.639243500000335e-05
6.639267000000335e-05
6.639290500000335e-05
6.639314000000334e-05
6.639337500000334e-05
6.639361000000334e-05
6.639384500000333e-05
6.639408000000333e-05
6.639431500000332e-05
6.639455000000332e-05
6.639478500000332e-05
6.639502000000331e-05
6.639525500000331e-05
6.63954900000033e-05
6.63957250000033e-05
6.63959600000033e-05
6.639619500000329e-05
6.639643000000329e-05
6.639666500000328e-05
6.639690000000328e-05
6.639713500000328e-05
6.639737000000327e-05
6.639760500000327e-05
6.639784000000327e-05
6.646581000000326e-05
6.650236500000327e-05
6.650260000000326e-05
6.650283500000326e-05
6.656270500000326e-05
6.659206000000326e-05
6.659229500000326e-05
6.659253000000325e-05
6.659276500000325e-05
6.659300000000324e-05
6.659323500000324e-05
6.659347000000324e-05
6.659370500000323e-05