3.873000000000001e-07
5.316950000000002e-07
9.327900000000003e-07
1.0846250000000004e-06
1.0848600000000004e-06
1.0850950000000003e-06
1.0853300000000002e-06
1.0855650000000001e-06
1.0858e-06
1.086035e-06
1.0862699999999999e-06
1.0865049999999998e-06
1.0867399999999997e-06
1.4742599999999998e-06
1.6188149999999998e-06
1.6190499999999998e-06
1.6192849999999997e-06
1.6195199999999996e-06
2.0206149999999995e-06
2.8250349999999995e-06
3.2727899999999995e-06
3.6603099999999998e-06
3.804865e-06
3.8050999999999998e-06
3.8053349999999997e-06
3.8055699999999996e-06
4.46862e-06
4.800535e-06
4.80077e-06
4.801005000000001e-06
4.801240000000001e-06
4.801475000000001e-06
4.801710000000002e-06
5.1892300000000015e-06
5.973630000000002e-06
6.406825000000002e-06
6.794345000000002e-06
6.9389000000000014e-06
6.939135000000002e-06
7.326655000000002e-06
7.471210000000001e-06
7.471445000000002e-06
7.471680000000002e-06
7.859200000000003e-06
8.003755000000003e-06
8.003990000000003e-06
8.391510000000003e-06
9.175910000000004e-06
9.609105000000003e-06
9.609340000000002e-06
9.609575000000002e-06
9.609810000000001e-06
9.997330000000002e-06
1.0249365000000001e-05
1.040136e-05
1.0401595e-05
1.1064645e-05
1.1396560000000001e-05
1.1396795e-05
1.139703e-05
1.1397265e-05
1.1397499999999999e-05
1.1397734999999998e-05
1.1397969999999998e-05
1.1465939999999997e-05
1.1502494999999997e-05
1.1502729999999996e-05
1.1502964999999996e-05
1.1503199999999995e-05
1.1503434999999995e-05
1.1503669999999994e-05
1.1503904999999994e-05
1.1504139999999993e-05
1.1504374999999993e-05
1.1504609999999992e-05
1.1504844999999992e-05
1.1505079999999991e-05
1.150531499999999e-05
1.150554999999999e-05
1.150578499999999e-05
1.150601999999999e-05
1.1506254999999989e-05
1.1506489999999988e-05
1.1506724999999988e-05
1.1894244999999988e-05
1.2038799999999989e-05
1.2039034999999988e-05
1.2039269999999988e-05
1.2039504999999987e-05
1.2039739999999987e-05
1.2039974999999986e-05
1.2040209999999986e-05
1.2427729999999986e-05
1.2572284999999987e-05
1.2572519999999986e-05
1.2572754999999986e-05
1.2572989999999985e-05
1.2573224999999985e-05
1.2573459999999984e-05
1.2573694999999984e-05
1.2573929999999983e-05
1.2574164999999983e-05
1.2574399999999982e-05
1.2574634999999982e-05
1.2574869999999981e-05
1.2575104999999981e-05
1.257533999999998e-05
1.257557499999998e-05
1.257580999999998e-05
1.2576044999999979e-05
1.296356499999998e-05
1.310811999999998e-05
1.310835499999998e-05
1.3108589999999979e-05
1.3108824999999979e-05
1.3109059999999978e-05
1.3496579999999979e-05
1.364113499999998e-05
1.3641369999999979e-05
1.3641604999999978e-05
1.3641839999999978e-05
1.3642074999999977e-05
1.4054794999999977e-05
1.4213749999999977e-05
1.4213984999999977e-05
1.4214219999999976e-05
1.4214454999999976e-05
1.4214689999999975e-05
1.4214924999999975e-05
1.4215159999999974e-05
1.4215394999999974e-05
1.4215629999999973e-05
1.4215864999999973e-05
1.4216099999999972e-05
1.4216334999999972e-05
1.4216569999999971e-05
1.421680499999997e-05
1.421703999999997e-05
1.421727499999997e-05
1.421750999999997e-05
1.4217744999999969e-05
1.460526499999997e-05
1.474981999999997e-05
1.475005499999997e-05
1.4750289999999969e-05
1.4750524999999968e-05
1.4750759999999968e-05
1.5179734999999968e-05
1.5353169999999968e-05
1.5353404999999968e-05
1.5353639999999967e-05
1.5353874999999967e-05
1.5354109999999966e-05
1.5354344999999966e-05
1.5741864999999966e-05
1.5993824999999967e-05
1.714359499999997e-05
1.791614999999997e-05
1.791638499999997e-05
1.7916619999999968e-05
1.7916854999999968e-05
1.7917089999999967e-05
1.7917324999999967e-05
1.7917559999999966e-05
1.7917794999999966e-05
1.7918029999999965e-05
1.7918264999999965e-05
1.7918499999999964e-05
1.7918734999999964e-05
1.7918969999999963e-05
1.7919204999999963e-05
1.7919439999999962e-05
1.791967499999996e-05
1.791990999999996e-05
1.792014499999996e-05
1.792037999999996e-05
1.792061499999996e-05
1.792084999999996e-05
1.792108499999996e-05
1.7921319999999958e-05
1.7921554999999958e-05
1.7921789999999957e-05
1.7922024999999957e-05
1.7922259999999956e-05
1.7922494999999956e-05
1.7922729999999955e-05
1.7922964999999955e-05
1.7923199999999954e-05
1.7923434999999954e-05
1.7923669999999953e-05
1.7923904999999953e-05
1.7924139999999952e-05
1.792437499999995e-05
1.792460999999995e-05
1.792484499999995e-05
1.792507999999995e-05
1.792531499999995e-05
1.792554999999995e-05
1.792578499999995e-05
1.7926019999999948e-05
1.7926254999999948e-05
1.7926489999999947e-05
1.7926724999999947e-05
1.7926959999999946e-05
1.7927194999999946e-05
1.7927429999999945e-05
1.7927664999999945e-05
1.7927899999999944e-05
1.7928134999999944e-05
1.7928369999999943e-05
1.8552644999999945e-05
1.8862879999999946e-05
1.8863114999999946e-05
1.8863349999999945e-05
1.8863584999999945e-05
1.8863819999999944e-05
1.9529494999999945e-05
1.9868529999999946e-05
1.9868764999999945e-05
1.9868999999999945e-05
1.9869234999999944e-05
1.9869469999999944e-05
1.9869704999999943e-05
1.9869939999999943e-05
1.9870174999999942e-05
1.9870409999999942e-05
2.0257929999999942e-05
2.040248499999994e-05
2.0790004999999942e-05
2.093455999999994e-05
2.093479499999994e-05
2.093502999999994e-05
2.093526499999994e-05
2.0952779999999938e-05
2.1374334999999938e-05
2.154104999999994e-05
2.1541284999999938e-05
2.1541519999999937e-05
2.195423999999994e-05
2.211319499999994e-05
2.256736999999994e-05
2.275520499999994e-05
2.339305499999994e-05
2.371056999999994e-05
2.371080499999994e-05
2.371103999999994e-05
2.371127499999994e-05
2.3711509999999938e-05
2.3711744999999937e-05
2.3711979999999937e-05
2.3712214999999936e-05
2.3712449999999936e-05
2.3712684999999935e-05
2.3712919999999935e-05
2.3713154999999934e-05
2.3713389999999934e-05
2.3713624999999933e-05
2.3713859999999933e-05
2.3714094999999932e-05
2.3714329999999932e-05
2.371456499999993e-05
2.371479999999993e-05
2.371503499999993e-05
2.371526999999993e-05
2.390563999999993e-05
2.401419499999993e-05
2.401442999999993e-05
2.401466499999993e-05
2.4014899999999928e-05
2.4015134999999928e-05
2.4015369999999927e-05
2.4015604999999927e-05
2.4058374999999927e-05
2.408052999999993e-05
2.448162499999993e-05
2.463345999999993e-05
2.463369499999993e-05
2.463392999999993e-05
2.463416499999993e-05
2.4634399999999928e-05
2.4634634999999927e-05
2.4634869999999927e-05
2.4635104999999926e-05
2.4867699999999928e-05
2.4997774999999927e-05
2.4998009999999926e-05
2.4998244999999926e-05
2.5385764999999927e-05
2.5530319999999925e-05
2.5530554999999925e-05
2.5530789999999924e-05
2.5531024999999924e-05
2.5531259999999923e-05
2.5531494999999923e-05
2.5531729999999922e-05
2.595802499999992e-05
2.6124259999999923e-05
2.6511779999999923e-05
2.6656334999999922e-05
2.665656999999992e-05
2.665680499999992e-05
2.7281079999999923e-05
2.7591314999999924e-05
2.7591549999999924e-05
2.7591784999999923e-05
2.7592019999999923e-05
2.7592254999999922e-05
2.7592489999999922e-05
2.759272499999992e-05
2.759295999999992e-05
2.759319499999992e-05
2.759342999999992e-05
2.759366499999992e-05
2.759389999999992e-05
2.759413499999992e-05
2.7594369999999918e-05
2.7594604999999917e-05
2.7594839999999917e-05
2.7595074999999916e-05
2.7595309999999916e-05
2.7595544999999915e-05
2.7595779999999915e-05
2.7596014999999914e-05
2.7596249999999914e-05
2.7596484999999913e-05
2.7596719999999913e-05
2.7596954999999912e-05
2.7597189999999912e-05
2.759742499999991e-05
2.759765999999991e-05
2.759789499999991e-05
2.759812999999991e-05
2.759836499999991e-05
2.798588499999991e-05
2.813043999999991e-05
2.813067499999991e-05
2.8130909999999908e-05
2.8131144999999907e-05
2.8518664999999908e-05
2.8663219999999907e-05
2.8663454999999906e-05
2.8663689999999906e-05
2.8663924999999905e-05
2.8664159999999905e-05
2.8664394999999904e-05
2.8854689999999904e-05
2.8963164999999903e-05
2.8963399999999903e-05
2.8963634999999902e-05
2.8963869999999902e-05
2.89641049999999e-05
2.89643399999999e-05
2.89645749999999e-05
2.89648099999999e-05
2.89650449999999e-05
2.89652799999999e-05
2.93779999999999e-05
2.95369549999999e-05
2.95371899999999e-05
2.95374249999999e-05
2.95376599999999e-05
2.95378949999999e-05
2.9538129999999898e-05
2.9538364999999898e-05
2.9538599999999897e-05
2.9538834999999897e-05
2.9539069999999896e-05
2.9539304999999896e-05
2.9539539999999895e-05
2.9539774999999895e-05
2.9540009999999894e-05
2.9540244999999894e-05
2.9927764999999894e-05
3.0072319999999893e-05
3.0072554999999893e-05
3.0072789999999892e-05
3.007302499999989e-05
3.007325999999989e-05
3.007349499999989e-05
3.007372999999989e-05
3.007396499999989e-05
3.007419999999989e-05
3.007443499999989e-05
3.0074669999999888e-05
3.0074904999999888e-05
3.0075139999999887e-05
3.0075374999999887e-05
3.0075609999999886e-05
3.0075844999999886e-05
3.0076079999999885e-05
3.0076314999999885e-05
3.0076549999999884e-05
3.0076784999999884e-05
3.0077019999999883e-05
3.0572594999999884e-05
3.078922999999989e-05
3.1176749999999884e-05
3.1321304999999886e-05
3.132153999999989e-05
3.132177499999989e-05
3.194604999999989e-05
3.225628499999989e-05
3.225651999999989e-05
3.2256754999999894e-05
3.22569899999999e-05
3.22572249999999e-05
3.22574599999999e-05
3.2257694999999906e-05
3.225792999999991e-05
3.225816499999991e-05
3.264568499999991e-05
3.279023999999991e-05
3.2790474999999914e-05
3.279070999999992e-05
3.279094499999992e-05
3.279117999999992e-05
3.2791414999999926e-05
3.279164999999993e-05
3.279188499999993e-05
3.2792119999999934e-05
3.279235499999994e-05
3.279258999999994e-05
3.279282499999994e-05
3.281033999999994e-05
3.281801499999994e-05
3.2818249999999946e-05
3.281848499999995e-05
3.281871999999995e-05
3.2818954999999955e-05
3.2836394999999955e-05
3.284398999999996e-05
3.284422499999996e-05
3.2844459999999964e-05
3.2844694999999967e-05
3.284492999999997e-05
3.284516499999997e-05
3.2845399999999975e-05
3.307799499999998e-05
3.3208069999999976e-05
3.320830499999998e-05
3.320853999999998e-05
3.3208774999999984e-05
3.320900999999999e-05
3.320924499999999e-05
3.320947999999999e-05
3.3209714999999996e-05
3.324425499999999e-05
3.325904999999999e-05
3.3259284999999994e-05
3.325952e-05
3.3259755e-05
3.325999e-05
3.3260225000000006e-05
3.326046000000001e-05
3.326069500000001e-05
3.3260930000000014e-05
3.367365000000001e-05
3.383260500000001e-05
3.3832840000000015e-05
3.383307500000002e-05
3.383331000000002e-05
3.3833545000000024e-05
3.383378000000003e-05
3.383401500000003e-05
3.383425000000003e-05
3.3834485000000036e-05
3.383472000000004e-05
3.383495500000004e-05
3.3835190000000044e-05
3.383542500000005e-05
3.383566000000005e-05
3.383589500000005e-05
3.3836130000000056e-05
3.383636500000006e-05
3.383660000000006e-05
3.3836835000000064e-05
3.383707000000007e-05
3.383730500000007e-05
3.383754000000007e-05
3.3837775000000076e-05
3.383801000000008e-05
3.4225530000000076e-05
3.5035130000000076e-05
3.5482725000000075e-05
3.548296000000008e-05
3.548319500000008e-05
3.548343000000008e-05
3.5483665000000086e-05
3.548390000000009e-05
3.624595000000009e-05
3.664986500000009e-05
3.665010000000009e-05
3.6650335000000094e-05
3.66505700000001e-05
3.66508050000001e-05
3.66510400000001e-05
3.6651275000000106e-05
3.665151000000011e-05
3.665174500000011e-05
3.6651980000000115e-05
3.665221500000012e-05
3.665245000000012e-05
3.665268500000012e-05
3.6652920000000126e-05
3.665315500000013e-05
3.665339000000013e-05
3.6653625000000135e-05
3.665386000000014e-05
3.665409500000014e-05
3.6654330000000143e-05
3.704185000000014e-05
3.743446500000014e-05
3.7759580000000144e-05
3.775981500000015e-05
3.776005000000015e-05
3.776028500000015e-05
3.7760520000000156e-05
3.776075500000016e-05
3.776099000000016e-05
3.7761225000000165e-05
3.776146000000017e-05
3.777890000000017e-05
3.778649500000017e-05
3.7786730000000173e-05
3.817425000000017e-05
3.831880500000017e-05
3.8319040000000176e-05
3.831927500000018e-05
3.831951000000018e-05
3.8319745000000184e-05
3.831998000000019e-05
3.832021500000019e-05
3.832045000000019e-05
3.8320685000000196e-05
3.83209200000002e-05
3.83211550000002e-05
3.8321390000000205e-05
3.832162500000021e-05
3.832186000000021e-05
3.832209500000021e-05
3.8833870000000216e-05
3.9064905000000216e-05
3.906514000000022e-05
3.945266000000022e-05
3.959721500000022e-05
3.959745000000022e-05
3.9597685000000225e-05
3.959792000000023e-05
3.959815500000023e-05
3.959839000000023e-05
3.9598625000000236e-05
3.959886000000024e-05
3.959909500000024e-05
3.961653500000024e-05
3.964593500000024e-05
3.966089000000024e-05
3.9661125000000244e-05
3.966136000000025e-05
3.966159500000025e-05
3.966183000000025e-05
3.9662065000000256e-05
3.966230000000026e-05
3.966253500000026e-05
3.9662770000000265e-05
3.966300500000027e-05
4.0075725000000266e-05
4.0234680000000266e-05
4.023491500000027e-05
4.023515000000027e-05
4.0235385000000274e-05
4.023562000000028e-05
4.023585500000028e-05
4.023609000000028e-05
4.0236325000000286e-05
4.023656000000029e-05
4.023679500000029e-05
4.0237030000000295e-05
4.02372650000003e-05
4.02375000000003e-05
4.02377350000003e-05
4.0237970000000306e-05
4.023820500000031e-05
4.023844000000031e-05
4.0238675000000315e-05
4.023891000000032e-05
4.023914500000032e-05
4.0239380000000324e-05
4.0239615000000326e-05
4.023985000000033e-05
4.025736500000033e-05
4.026504000000033e-05
4.026527500000033e-05
4.0265510000000335e-05
4.026574500000034e-05
4.026598000000034e-05
4.0266215000000344e-05
4.026645000000035e-05
4.026668500000035e-05
4.026692000000035e-05
4.0267155000000356e-05
4.026739000000036e-05
4.026762500000036e-05
4.0267860000000364e-05
4.026809500000037e-05
4.026833000000037e-05
4.026856500000037e-05
4.0268800000000376e-05
4.026903500000038e-05
4.026927000000038e-05
4.0269505000000384e-05
4.026974000000039e-05
4.026997500000039e-05
4.027021000000039e-05
4.0270445000000396e-05
4.02706800000004e-05
4.02709150000004e-05
4.0271150000000405e-05
4.027138500000041e-05
4.027162000000041e-05
4.071417000000041e-05
4.0894885000000406e-05
4.089512000000041e-05
4.091256000000041e-05
4.092015500000041e-05
4.1110525000000414e-05
4.121908000000041e-05
4.1219315000000415e-05
4.121955000000042e-05
4.121978500000042e-05
4.122002000000042e-05
4.1220255000000426e-05
4.122049000000043e-05
4.122072500000043e-05
4.1220960000000435e-05
4.122119500000044e-05
4.122143000000044e-05
4.1221665000000443e-05
4.1221900000000446e-05
4.122213500000045e-05
4.1609655000000447e-05
4.175421000000045e-05
4.179690500000045e-05
4.191401500000045e-05
4.199425000000045e-05
4.199448500000045e-05
4.1994720000000455e-05
4.199495500000046e-05
4.199519000000046e-05
4.1995425000000464e-05
4.1995660000000467e-05
4.199589500000047e-05
4.199613000000047e-05
4.1996365000000475e-05
4.199660000000048e-05
4.199683500000048e-05
4.1997070000000484e-05
4.199730500000049e-05
4.199754000000049e-05
4.199777500000049e-05
4.1998010000000495e-05
4.19982450000005e-05
4.19984800000005e-05
4.1998715000000504e-05
4.199895000000051e-05
4.199918500000051e-05
4.199942000000051e-05
4.1999655000000516e-05
4.199989000000052e-05
4.200012500000052e-05
4.2000360000000524e-05
4.200059500000053e-05
4.200083000000053e-05
4.200106500000053e-05
4.2001300000000536e-05
4.200153500000054e-05
4.200177000000054e-05
4.2002005000000545e-05
4.200224000000055e-05
4.200247500000055e-05
4.200271000000055e-05
4.2002945000000556e-05
4.200318000000056e-05
4.200341500000056e-05
4.2003650000000565e-05
4.200388500000057e-05
4.200412000000057e-05
4.200435500000057e-05
4.2004590000000576e-05
4.200482500000058e-05
4.200506000000058e-05
4.2005295000000585e-05
4.200553000000059e-05
4.200576500000059e-05
4.2006000000000594e-05
4.2006235000000596e-05
4.20064700000006e-05
4.20067050000006e-05
4.2006940000000605e-05
4.200717500000061e-05
4.200741000000061e-05
4.2007645000000614e-05
4.200788000000062e-05
4.200811500000062e-05
4.200835000000062e-05
4.2008585000000625e-05
4.200882000000063e-05
4.200905500000063e-05
4.2009290000000634e-05
4.200952500000064e-05
4.200976000000064e-05
4.200999500000064e-05
4.2010230000000646e-05
4.201046500000065e-05
4.201070000000065e-05
4.2010935000000654e-05
4.201117000000066e-05
4.201140500000066e-05
4.201164000000066e-05
4.2011875000000666e-05
4.201211000000067e-05
4.201234500000067e-05
4.2012580000000674e-05
4.201281500000068e-05
4.259119000000068e-05
4.286542500000068e-05
4.286566000000068e-05
4.286589500000068e-05
4.2866130000000686e-05
4.286636500000069e-05
4.286660000000069e-05
4.2866835000000695e-05
4.28670700000007e-05
4.28673050000007e-05
4.28675400000007e-05
4.2867775000000706e-05
4.286801000000071e-05
4.286824500000071e-05
4.2868480000000715e-05
4.286871500000072e-05
4.286895000000072e-05
4.2869185000000723e-05
4.2869420000000726e-05
4.286965500000073e-05
4.286989000000073e-05
4.2870125000000735e-05
4.287036000000074e-05
4.287059500000074e-05
4.2870830000000744e-05
4.2871065000000747e-05
4.287130000000075e-05
4.287153500000075e-05
4.2871770000000755e-05
4.287200500000076e-05
4.287224000000076e-05
4.2872475000000764e-05
4.287271000000077e-05
4.287294500000077e-05
4.287318000000077e-05
4.2873415000000775e-05
4.287365000000078e-05
4.287388500000078e-05
4.2874120000000784e-05
4.287435500000079e-05
4.287459000000079e-05
4.287482500000079e-05
4.2875060000000796e-05
4.28752950000008e-05
4.28755300000008e-05
4.2875765000000804e-05
4.287600000000081e-05
4.287623500000081e-05
4.287647000000081e-05
4.2876705000000816e-05
4.287694000000082e-05
4.287717500000082e-05
4.2877410000000825e-05
4.287764500000083e-05
4.287788000000083e-05
4.287811500000083e-05
4.2878350000000836e-05
4.287858500000084e-05
4.287882000000084e-05
4.2879055000000845e-05
4.287929000000085e-05
4.287952500000085e-05
4.287976000000085e-05
4.2879995000000856e-05
4.288023000000086e-05
4.288046500000086e-05
4.2880700000000865e-05
4.288093500000087e-05
4.288117000000087e-05
4.2881405000000874e-05
4.2881640000000876e-05
4.3627490000000875e-05
4.401700500000088e-05
4.401724000000088e-05
4.401747500000088e-05
4.4017710000000885e-05
4.401794500000089e-05
4.401818000000089e-05
4.4018415000000894e-05
4.40186500000009e-05
4.40188850000009e-05
4.40191200000009e-05
4.4019355000000906e-05
4.401959000000091e-05
4.401982500000091e-05
4.4554175000000914e-05
4.4792490000000916e-05
4.479272500000092e-05
4.479296000000092e-05
4.4793195000000925e-05
4.479343000000093e-05
4.479366500000093e-05
4.479390000000093e-05
4.522019500000093e-05
4.5386430000000934e-05
4.5386665000000936e-05
4.538690000000094e-05
4.538713500000094e-05
4.5387370000000945e-05
4.538760500000095e-05
4.538784000000095e-05
4.5388075000000954e-05
4.5388310000000957e-05
4.538854500000096e-05
4.538878000000096e-05
4.5389015000000965e-05
4.538925000000097e-05
4.538948500000097e-05
4.5389720000000974e-05
4.538995500000098e-05
4.539019000000098e-05
4.539042500000098e-05
4.5390660000000985e-05
4.539089500000099e-05
4.539113000000099e-05
4.5391365000000994e-05
4.5391600000001e-05
4.5391835000001e-05
4.5392070000001e-05
4.5392305000001006e-05
4.539254000000101e-05
4.539277500000101e-05
4.5393010000001014e-05
4.539324500000102e-05
4.539348000000102e-05
4.539371500000102e-05
4.5393950000001026e-05
4.539418500000103e-05
4.539442000000103e-05
4.5394655000001035e-05
4.539489000000104e-05
4.539512500000104e-05
4.539536000000104e-05
4.5395595000001046e-05
4.539583000000105e-05
4.539606500000105e-05
4.5396300000001055e-05
4.539653500000106e-05
4.539677000000106e-05
4.5397005000001063e-05
4.5397240000001066e-05
4.539747500000107e-05
4.539771000000107e-05
4.5397945000001075e-05
4.539818000000108e-05
4.539841500000108e-05
4.5398650000001084e-05
4.5398885000001087e-05
4.539912000000109e-05
4.539935500000109e-05
4.5399590000001095e-05
4.53998250000011e-05
4.54000600000011e-05
4.5400295000001104e-05
4.540053000000111e-05
4.540076500000111e-05
4.540100000000111e-05
4.5401235000001115e-05
4.540147000000112e-05
4.540170500000112e-05
4.5401940000001124e-05
4.540217500000113e-05
4.540241000000113e-05
4.540264500000113e-05
4.5402880000001136e-05
4.540311500000114e-05
4.540335000000114e-05
4.5403585000001144e-05
4.540382000000115e-05
4.540405500000115e-05
4.540429000000115e-05
4.5404525000001156e-05
4.540476000000116e-05
4.540499500000116e-05
4.5405230000001164e-05
4.540546500000117e-05
4.540570000000117e-05
4.540593500000117e-05
4.5406170000001176e-05
4.540640500000118e-05
4.540664000000118e-05
4.5406875000001185e-05
4.540711000000119e-05
4.540734500000119e-05
4.540758000000119e-05
4.5407815000001196e-05
4.54080500000012e-05
4.54082850000012e-05
4.5408520000001205e-05
4.540875500000121e-05
4.540899000000121e-05
4.5409225000001214e-05
4.5409460000001216e-05
4.540969500000122e-05
4.540993000000122e-05
4.5410165000001225e-05
4.541040000000123e-05
4.541063500000123e-05
4.5410870000001234e-05
4.541110500000124e-05
4.541134000000124e-05
4.541157500000124e-05
4.5411810000001245e-05
4.541204500000125e-05
4.541228000000125e-05
4.5412515000001254e-05
4.541275000000126e-05
4.541298500000126e-05
4.541322000000126e-05
4.5413455000001266e-05
4.541369000000127e-05
4.541392500000127e-05
4.5414160000001274e-05
4.541439500000128e-05
4.541463000000128e-05
4.541486500000128e-05
4.5415100000001286e-05
4.541533500000129e-05
4.541557000000129e-05
4.5415805000001294e-05
4.54160400000013e-05
4.54162750000013e-05
4.54165100000013e-05
4.5416745000001306e-05
4.541698000000131e-05
4.541721500000131e-05
4.5417450000001315e-05
4.541768500000132e-05
4.541792000000132e-05
4.541815500000132e-05
4.5418390000001326e-05
4.541862500000133e-05
4.541886000000133e-05
4.5419095000001335e-05
4.541933000000134e-05
4.541956500000134e-05
4.5419800000001343e-05
4.5420035000001346e-05
4.542027000000135e-05
4.542050500000135e-05
4.5420740000001355e-05
4.542097500000136e-05
4.542121000000136e-05
4.5421445000001364e-05
4.5421680000001367e-05
4.542191500000137e-05
4.542215000000137e-05
4.5422385000001375e-05
4.542262000000138e-05
4.542285500000138e-05
4.5423090000001384e-05
4.542332500000139e-05
4.542356000000139e-05
4.542379500000139e-05
4.5424030000001395e-05
4.54242650000014e-05
4.54245000000014e-05
4.5424735000001404e-05
4.542497000000141e-05
4.542520500000141e-05
4.542544000000141e-05
4.5425675000001416e-05
4.542591000000142e-05
4.542614500000142e-05
4.5426380000001424e-05
4.542661500000143e-05
4.542685000000143e-05
4.542708500000143e-05
4.5427320000001436e-05
4.542755500000144e-05
4.542779000000144e-05
4.5428025000001445e-05
4.542826000000145e-05
4.542849500000145e-05
4.542873000000145e-05
4.5428965000001456e-05
4.542920000000146e-05
4.542943500000146e-05
4.5429670000001465e-05
4.542990500000147e-05
4.543014000000147e-05
4.543037500000147e-05
4.5430610000001476e-05
4.543084500000148e-05
4.543108000000148e-05
4.5431315000001485e-05
4.543155000000149e-05
4.543178500000149e-05
4.5432020000001494e-05
4.5432255000001496e-05
4.54324900000015e-05
4.54327250000015e-05
4.5432960000001505e-05
4.543319500000151e-05
4.543343000000151e-05
4.5433665000001514e-05
4.543390000000152e-05
4.543413500000152e-05
4.543437000000152e-05
4.5434605000001525e-05
4.543484000000153e-05
4.543507500000153e-05
4.5435310000001534e-05
4.543554500000154e-05
4.543578000000154e-05
4.543601500000154e-05
4.5436250000001546e-05
4.543648500000155e-05
4.543672000000155e-05
4.5436955000001554e-05
4.543719000000156e-05
4.543742500000156e-05
4.543766000000156e-05
4.5437895000001566e-05
4.543813000000157e-05
4.543836500000157e-05
4.5438600000001574e-05
4.543883500000158e-05
4.543907000000158e-05
4.543930500000158e-05
4.5439540000001586e-05
4.543977500000159e-05
4.544001000000159e-05
4.5440245000001595e-05
4.54404800000016e-05
4.54407150000016e-05
4.54409500000016e-05
4.5441185000001606e-05
4.544142000000161e-05
4.544165500000161e-05
4.5441890000001615e-05
4.544212500000162e-05
4.544236000000162e-05
4.5442595000001623e-05
4.5442830000001626e-05
4.595198000000163e-05
4.6175895000001625e-05
4.617613000000163e-05
4.6630305000001626e-05
4.681814000000163e-05
4.681837500000163e-05
4.681861000000163e-05
4.6818845000001636e-05
4.681908000000164e-05
4.681931500000164e-05
4.6819550000001645e-05
4.681978500000165e-05
4.682002000000165e-05
4.682025500000165e-05
4.6820490000001656e-05
4.682072500000166e-05
4.682096000000166e-05
4.6821195000001665e-05
4.682143000000167e-05
4.682166500000167e-05
4.6821900000001673e-05
4.6822135000001676e-05
4.682237000000168e-05
4.682260500000168e-05
4.6822840000001685e-05
4.682307500000169e-05
4.682331000000169e-05
4.6823545000001694e-05
4.6823780000001697e-05
4.68240150000017e-05
4.68242500000017e-05
4.6824485000001705e-05
4.682472000000171e-05
4.682495500000171e-05
4.6825190000001714e-05
4.682542500000172e-05
4.682566000000172e-05
4.682589500000172e-05
4.6826130000001725e-05
4.682636500000173e-05
4.682660000000173e-05
4.6826835000001734e-05
4.682707000000174e-05
4.682730500000174e-05
4.682754000000174e-05
4.6827775000001746e-05
4.682801000000175e-05
4.682824500000175e-05
4.6828480000001754e-05
4.682871500000176e-05
4.682895000000176e-05
4.682918500000176e-05
4.6829420000001766e-05
4.682965500000177e-05
4.682989000000177e-05
4.6830125000001775e-05
4.683036000000178e-05
4.683059500000178e-05
4.683083000000178e-05
4.6831065000001786e-05
4.683130000000179e-05
4.683153500000179e-05
4.6831770000001795e-05
4.68320050000018e-05
4.68322400000018e-05
4.6832475000001803e-05
4.68670150000018e-05
4.68818100000018e-05
4.7443985000001796e-05
4.77038200000018e-05
4.77040550000018e-05
4.7704290000001805e-05
4.770452500000181e-05
4.770476000000181e-05
4.7704995000001814e-05
4.770523000000182e-05
4.770546500000182e-05
4.770570000000182e-05
4.7705935000001825e-05
4.770617000000183e-05
4.770640500000183e-05
4.7706640000001834e-05
4.770687500000184e-05
4.770711000000184e-05
4.770734500000184e-05
4.7707580000001846e-05
4.770781500000185e-05
4.770805000000185e-05
4.7708285000001854e-05
4.770852000000186e-05
4.770875500000186e-05
4.770899000000186e-05
4.7709225000001866e-05
4.770946000000187e-05
4.770969500000187e-05
4.7709930000001874e-05
4.771016500000188e-05
4.771040000000188e-05
4.771063500000188e-05
4.7710870000001886e-05
4.771110500000189e-05
4.771134000000189e-05
4.7711575000001895e-05
4.77118100000019e-05
4.77120450000019e-05
4.77122800000019e-05
4.7712515000001906e-05
4.771275000000191e-05
4.771298500000191e-05
4.7713220000001915e-05
4.814219500000191e-05
4.8315630000001915e-05
4.831586500000192e-05
4.831610000000192e-05
4.852349500000192e-05
4.863917000000192e-05
4.8639405000001925e-05
4.863964000000193e-05
4.863987500000193e-05
4.8640110000001934e-05
4.864034500000194e-05
4.864058000000194e-05
4.864081500000194e-05
4.8641050000001946e-05
4.864128500000195e-05
4.864152000000195e-05
4.8641755000001954e-05
4.864199000000196e-05
4.864222500000196e-05
4.864246000000196e-05
4.8642695000001966e-05
4.864293000000197e-05
4.864316500000197e-05
4.8643400000001974e-05
4.864363500000198e-05
4.864387000000198e-05
4.864410500000198e-05
4.8644340000001986e-05
4.864457500000199e-05
4.864481000000199e-05
4.8645045000001995e-05
4.8645280000002e-05
4.8645515000002e-05
4.8645750000002e-05
4.8645985000002006e-05
4.864622000000201e-05
4.864645500000201e-05
4.8646690000002015e-05
4.864692500000202e-05
4.864716000000202e-05
4.8647395000002024e-05
4.8647630000002026e-05
4.864786500000203e-05
4.871576000000203e-05
4.8752235000002026e-05
4.875247000000203e-05
4.875270500000203e-05
4.8752940000002034e-05
4.875317500000204e-05
4.875341000000204e-05
4.875364500000204e-05
4.8753880000002046e-05
4.875411500000205e-05
4.882208500000205e-05
4.885864000000205e-05
4.885887500000205e-05
4.8859110000002055e-05
4.885934500000206e-05
4.885958000000206e-05
4.8859815000002064e-05
4.886005000000207e-05
4.886028500000207e-05
4.886052000000207e-05
4.8860755000002075e-05
4.886099000000208e-05
4.886122500000208e-05
4.8861460000002084e-05
4.886169500000209e-05
4.886193000000209e-05
4.886216500000209e-05
4.8862400000002095e-05
4.88626350000021e-05
4.88628700000021e-05
4.93170450000021e-05
4.95048800000021e-05
4.95051150000021e-05
4.9505350000002106e-05
4.950558500000211e-05
4.950582000000211e-05
4.9506055000002115e-05
4.950629000000212e-05
4.950652500000212e-05
4.950676000000212e-05
4.9524200000002124e-05
4.9531795000002126e-05
4.953203000000213e-05
4.953226500000213e-05
4.9532500000002135e-05
4.953273500000214e-05
4.953297000000214e-05
4.9533205000002144e-05
4.9533440000002147e-05
4.953367500000215e-05
4.953391000000215e-05
4.9534145000002155e-05
4.953438000000216e-05
4.953461500000216e-05
4.9534850000002164e-05
4.953508500000217e-05
4.953532000000217e-05
4.953555500000217e-05
4.9535790000002175e-05
4.953602500000218e-05
4.953626000000218e-05
4.9536495000002184e-05
4.953673000000219e-05
4.953696500000219e-05
4.953720000000219e-05
4.9537435000002196e-05
4.95376700000022e-05
4.95379050000022e-05
4.99390000000022e-05
5.00908350000022e-05
5.0091070000002206e-05
5.009130500000221e-05
5.009154000000221e-05
5.0091775000002214e-05
5.009201000000222e-05
5.009224500000222e-05
5.009248000000222e-05
5.0092715000002226e-05
5.009295000000223e-05
5.009318500000223e-05
5.0093420000002235e-05
5.009365500000224e-05
5.009389000000224e-05
5.009412500000224e-05
5.0094360000002246e-05
5.009459500000225e-05
5.054877000000225e-05
5.073660500000225e-05
5.073684000000225e-05
5.0737075000002254e-05
5.073731000000226e-05
5.073754500000226e-05
5.073778000000226e-05
5.0738015000002265e-05
5.073825000000227e-05
5.073848500000227e-05
5.0738720000002274e-05
5.075623500000227e-05
5.0763910000002274e-05
5.076414500000228e-05
5.076438000000228e-05
5.076461500000228e-05
5.0764850000002286e-05
5.0782290000002286e-05
5.078988500000229e-05
5.079012000000229e-05
5.083289000000229e-05
5.085504500000229e-05
5.085528000000229e-05
5.085551500000229e-05
5.0855750000002296e-05
5.08559850000023e-05
5.08562200000023e-05
5.0856455000002304e-05
5.085669000000231e-05
5.085692500000231e-05
5.085716000000231e-05
5.0857395000002316e-05
5.085763000000232e-05
5.085786500000232e-05
5.0858100000002324e-05
5.085833500000233e-05
5.085857000000233e-05
5.085880500000233e-05
5.0859040000002336e-05
5.085927500000234e-05
5.085951000000234e-05
5.0859745000002345e-05
5.085998000000235e-05
5.086021500000235e-05
5.086045000000235e-05
5.0860685000002356e-05
5.086092000000236e-05
5.086115500000236e-05
5.0861390000002365e-05
5.086162500000237e-05
5.086186000000237e-05
5.0862095000002373e-05
5.0862330000002376e-05
5.086256500000238e-05
5.086280000000238e-05
5.0863035000002385e-05
5.086327000000239e-05
5.086350500000239e-05
5.0863740000002394e-05
5.0863975000002397e-05
5.08642100000024e-05
5.08644450000024e-05
5.0864680000002405e-05
5.086491500000241e-05
5.086515000000241e-05
5.0865385000002414e-05
5.086562000000242e-05
5.086585500000242e-05
5.086609000000242e-05
5.0866325000002425e-05
5.086656000000243e-05
5.086679500000243e-05
5.0867030000002434e-05
5.086726500000244e-05
5.086750000000244e-05
5.086773500000244e-05
5.0867970000002446e-05
5.086820500000245e-05
5.086844000000245e-05
5.0868675000002454e-05
5.086891000000246e-05
5.086914500000246e-05
5.086938000000246e-05
5.129567500000246e-05
5.146191000000246e-05
5.1462145000002466e-05
5.146238000000247e-05
5.146261500000247e-05
5.1462850000002475e-05
5.146308500000248e-05
5.146332000000248e-05
5.1463555000002483e-05
5.1463790000002486e-05
5.146402500000249e-05
5.146426000000249e-05
5.1464495000002495e-05
5.14647300000025e-05
5.14649650000025e-05
5.1465200000002504e-05
5.1465435000002507e-05
5.146567000000251e-05
5.146590500000251e-05
5.186700000000251e-05
5.2018835000002514e-05
5.201907000000252e-05
5.201930500000252e-05
5.201954000000252e-05
5.2019775000002525e-05
5.202001000000253e-05
5.202024500000253e-05
5.2020480000002534e-05
5.202071500000254e-05
5.202095000000254e-05
5.202118500000254e-05
5.2021420000002546e-05
5.202165500000255e-05
5.202189000000255e-05
5.2022125000002554e-05
5.202236000000256e-05
5.202259500000256e-05
5.202283000000256e-05
5.2023065000002566e-05
5.202330000000257e-05
5.202353500000257e-05
5.2023770000002574e-05
5.202400500000258e-05
5.202424000000258e-05
5.202447500000258e-05
5.2024710000002586e-05
5.202494500000259e-05
5.202518000000259e-05
5.2025415000002595e-05
5.20256500000026e-05
5.20258850000026e-05
5.20261200000026e-05
5.2026355000002606e-05
5.202659000000261e-05
5.202682500000261e-05
5.2027060000002615e-05
5.202729500000262e-05
5.202753000000262e-05
5.2027765000002624e-05
5.2028000000002626e-05
5.202823500000263e-05
5.202847000000263e-05
5.2028705000002635e-05
5.202894000000264e-05
5.202917500000264e-05
5.2029410000002644e-05
5.2029645000002647e-05
5.202988000000265e-05
5.203011500000265e-05
5.2030350000002655e-05
5.203058500000266e-05
5.203082000000266e-05
5.2031055000002664e-05
5.203129000000267e-05
5.203152500000267e-05
5.203176000000267e-05
5.2031995000002675e-05
5.203223000000268e-05
5.203246500000268e-05
5.2032700000002684e-05
5.203293500000269e-05
5.203317000000269e-05
5.203340500000269e-05
5.2033640000002696e-05
5.20338750000027e-05
5.20341100000027e-05
5.2034345000002704e-05
5.203458000000271e-05
5.203481500000271e-05
5.203505000000271e-05
5.2035285000002716e-05
5.254443500000272e-05
5.2768350000002715e-05
5.276858500000272e-05
5.276882000000272e-05
5.2769055000002724e-05
5.2769290000002726e-05
5.276952500000273e-05
5.276976000000273e-05
5.2769995000002735e-05
5.277023000000274e-05
5.277046500000274e-05
5.2770700000002744e-05
5.277093500000275e-05
5.277117000000275e-05
5.277140500000275e-05
5.2771640000002755e-05
5.277187500000276e-05
5.277211000000276e-05
5.2772345000002764e-05
5.277258000000277e-05
5.277281500000277e-05
5.277305000000277e-05
5.2773285000002776e-05
5.277352000000278e-05
5.277375500000278e-05
5.2773990000002784e-05
5.277422500000279e-05
5.277446000000279e-05
5.277469500000279e-05
5.2774930000002796e-05
5.27751650000028e-05
5.27754000000028e-05
5.2775635000002804e-05
5.277587000000281e-05
5.277610500000281e-05
5.277634000000281e-05
5.332951500000281e-05
5.3589350000002814e-05
5.358958500000282e-05
5.358982000000282e-05
5.359005500000282e-05
5.3590290000002826e-05
5.359052500000283e-05
5.359076000000283e-05
5.3590995000002835e-05
5.359123000000284e-05
5.359146500000284e-05
5.359170000000284e-05
5.3591935000002846e-05
5.359217000000285e-05
5.359240500000285e-05
5.3592640000002855e-05
5.359287500000286e-05
5.359311000000286e-05
5.3593345000002863e-05
5.3593580000002866e-05
5.359381500000287e-05
5.363651000000287e-05
5.365858500000287e-05
5.365882000000287e-05
5.365905500000287e-05
5.3659290000002876e-05
5.365952500000288e-05
5.365976000000288e-05
5.3659995000002884e-05
5.366023000000289e-05
5.366046500000289e-05
5.366070000000289e-05
5.372867000000289e-05
5.376522500000289e-05
5.3765460000002896e-05
5.37656950000029e-05
5.37659300000029e-05
5.3766165000002905e-05
5.376640000000291e-05
5.376663500000291e-05
5.3766870000002914e-05
5.3767105000002916e-05
5.376734000000292e-05
5.376757500000292e-05
5.3767810000002925e-05
5.376804500000293e-05
5.376828000000293e-05
5.3768515000002934e-05
5.3828310000002936e-05
5.385758500000294e-05
5.385782000000294e-05
5.385805500000294e-05
5.3858290000002946e-05
5.385852500000295e-05
5.4287500000002946e-05
5.446093500000295e-05
5.446117000000295e-05
5.4461405000002955e-05
5.446164000000296e-05
5.446187500000296e-05
5.447939000000296e-05
5.448706500000296e-05
5.4487300000002964e-05
5.448753500000297e-05
5.448777000000297e-05
5.448800500000297e-05
5.4488240000002975e-05
5.448847500000298e-05
5.448871000000298e-05
5.4488945000002984e-05
5.448918000000299e-05
5.448941500000299e-05
5.448965000000299e-05
5.4489885000002996e-05
5.4490120000003e-05
5.4490355000003e-05
5.4490590000003004e-05
5.449082500000301e-05
5.449106000000301e-05
5.449129500000301e-05
5.4491530000003016e-05
5.4508970000003016e-05
5.451656500000302e-05
5.451680000000302e-05
5.4517035000003025e-05
5.451727000000303e-05
5.451750500000303e-05
5.451774000000303e-05
5.4517975000003036e-05
5.451821000000304e-05
5.451844500000304e-05
5.4518680000003045e-05
5.451891500000305e-05
5.451915000000305e-05
5.4519385000003054e-05
5.4519620000003056e-05
5.451985500000306e-05
5.452009000000306e-05
5.4520325000003065e-05
5.452056000000307e-05
5.452079500000307e-05
5.458059000000307e-05
5.4609865000003074e-05
5.461010000000308e-05
5.461033500000308e-05
5.461057000000308e-05
5.4610805000003086e-05
5.461104000000309e-05
5.461127500000309e-05
5.4611510000003095e-05
5.46117450000031e-05
5.46119800000031e-05
5.46122150000031e-05
5.4612450000003106e-05
5.461268500000311e-05
5.461292000000311e-05
5.4613155000003115e-05
5.461339000000312e-05
5.461362500000312e-05
5.505154500000312e-05
5.550093500000312e-05
5.6971095000003124e-05
5.8489775000003126e-05
5.9421210000003124e-05
5.942144500000313e-05
5.942168000000313e-05
5.942191500000313e-05
5.9422150000003136e-05
5.942238500000314e-05
5.942262000000314e-05
5.9422855000003144e-05
5.942309000000315e-05
5.942332500000315e-05
5.942356000000315e-05
5.9423795000003156e-05
5.942403000000316e-05
5.942426500000316e-05
5.9424500000003165e-05
5.942473500000317e-05
5.942497000000317e-05
5.942520500000317e-05
5.981272500000317e-05
6.062232500000317e-05
6.106992000000318e-05
6.148264000000318e-05
6.255267000000318e-05
6.326714500000319e-05
6.326738000000319e-05
6.326761500000318e-05
6.380459000000319e-05
6.405002500000319e-05
6.405026000000319e-05
6.405049500000318e-05
6.405073000000318e-05
6.451385000000317e-05
6.470160500000317e-05
6.470184000000317e-05
6.470207500000316e-05
6.470231000000316e-05
6.470254500000315e-05
6.470278000000315e-05
6.470301500000315e-05
6.470325000000314e-05
6.470348500000314e-05
6.470372000000313e-05
6.470395500000313e-05
6.470419000000313e-05
6.470442500000312e-05
6.470466000000312e-05
6.470489500000311e-05
6.517527000000312e-05
6.537750500000313e-05
6.537774000000312e-05
6.537797500000312e-05
6.655499000000312e-05
6.719658500000312e-05
6.719682000000312e-05
6.719705500000311e-05
6.719729000000311e-05
6.728228500000311e-05
6.732596000000311e-05
6.732619500000311e-05
6.73264300000031e-05
6.73266650000031e-05
6.73269000000031e-05
6.73271350000031e-05
6.732737000000309e-05
6.732760500000309e-05
6.732784000000308e-05
6.732807500000308e-05
6.732831000000307e-05
6.732854500000307e-05
6.732878000000307e-05
6.732901500000306e-05
6.732925000000306e-05
6.732948500000305e-05
6.732972000000305e-05
6.732995500000305e-05
6.733019000000304e-05
6.733042500000304e-05
6.733066000000304e-05
6.733089500000303e-05
6.733113000000303e-05
6.733136500000302e-05
6.733160000000302e-05
6.733183500000302e-05
6.733207000000301e-05
6.733230500000301e-05
6.7332540000003e-05
6.7332775000003e-05
6.7333010000003e-05
6.733324500000299e-05
6.733348000000299e-05
6.733371500000298e-05
6.733395000000298e-05
6.733418500000298e-05
6.733442000000297e-05
6.733465500000297e-05
6.733489000000297e-05
6.733512500000296e-05
6.733536000000296e-05
6.733559500000295e-05
6.733583000000295e-05
6.733606500000295e-05
6.733630000000294e-05
6.735381500000294e-05
6.736149000000294e-05
6.736172500000294e-05
6.736196000000293e-05
6.736219500000293e-05
6.736243000000293e-05
6.736266500000292e-05
6.736290000000292e-05
6.736313500000292e-05
6.736337000000291e-05
6.736360500000291e-05
6.73638400000029e-05
6.73640750000029e-05
6.73643100000029e-05
6.78436850000029e-05
6.80459200000029e-05
6.80461550000029e-05
6.804639000000289e-05
6.804662500000289e-05
6.804686000000288e-05
6.850998000000288e-05
6.869773500000287e-05
6.869797000000287e-05
6.869820500000287e-05
6.869844000000286e-05
6.869867500000286e-05
6.869891000000285e-05
6.869914500000285e-05
6.921992000000285e-05
6.945095500000285e-05
6.945119000000284e-05
6.945142500000284e-05
6.945166000000283e-05
6.986438000000284e-05
7.002333500000284e-05
7.002357000000284e-05
7.002380500000283e-05
7.002404000000283e-05
7.002427500000282e-05
7.002451000000282e-05
7.041203000000282e-05
7.055658500000282e-05
7.055682000000282e-05
7.055705500000281e-05
7.055729000000281e-05
7.05575250000028e-05
7.05577600000028e-05
7.05579950000028e-05
7.055823000000279e-05
7.055846500000279e-05
7.102158500000278e-05
7.120934000000278e-05
7.120957500000277e-05
7.120981000000277e-05
7.121004500000277e-05
7.124458500000277e-05
7.125938000000277e-05
7.125961500000276e-05
7.125985000000276e-05
7.127736500000276e-05
7.128504000000276e-05
7.128527500000276e-05
7.128551000000275e-05
7.128574500000275e-05
7.128598000000274e-05
7.128621500000274e-05
7.128645000000274e-05
7.128668500000273e-05
7.128692000000273e-05
7.128715500000273e-05
7.128739000000272e-05
7.128762500000272e-05
7.128786000000271e-05
7.128809500000271e-05
7.12883300000027e-05
7.12885650000027e-05
7.12888000000027e-05
7.12890350000027e-05
7.128927000000269e-05
7.175239000000268e-05
7.194014500000268e-05
7.194038000000268e-05
7.194061500000267e-05
7.194085000000267e-05
7.194108500000266e-05
7.194132000000266e-05
7.194155500000266e-05
7.194179000000265e-05
7.194202500000265e-05
7.194226000000264e-05
7.194249500000264e-05
7.194273000000264e-05
7.194296500000263e-05
7.194320000000263e-05
7.194343500000262e-05
7.194367000000262e-05
7.194390500000262e-05
7.194414000000261e-05
7.194437500000261e-05
7.19446100000026e-05
7.200440500000261e-05
7.20336800000026e-05
7.20339150000026e-05
7.20341500000026e-05
7.203438500000259e-05
7.203462000000259e-05
7.203485500000258e-05
7.203509000000258e-05
7.203532500000257e-05
7.203556000000257e-05
7.203579500000257e-05
7.203603000000256e-05
7.203626500000256e-05
7.203650000000256e-05
7.203673500000255e-05
7.203697000000255e-05
7.203720500000254e-05
7.203744000000254e-05
7.203767500000254e-05
7.203791000000253e-05
7.203814500000253e-05
7.203838000000252e-05
7.203861500000252e-05
7.203885000000252e-05
7.203908500000251e-05
7.203932000000251e-05
7.20395550000025e-05
7.20397900000025e-05
7.20400250000025e-05
7.204026000000249e-05
7.204049500000249e-05
7.204073000000249e-05
7.204096500000248e-05
7.204120000000248e-05
7.204143500000247e-05
7.204167000000247e-05
7.204190500000247e-05
7.204214000000246e-05
7.204237500000246e-05
7.204261000000245e-05
7.204284500000245e-05
7.204308000000245e-05
7.204331500000244e-05
7.204355000000244e-05
7.204378500000243e-05
7.204402000000243e-05
7.204425500000243e-05
7.245697500000243e-05
7.261593000000243e-05
7.261616500000243e-05
7.261640000000242e-05
7.261663500000242e-05
7.261687000000242e-05
7.261710500000241e-05
7.261734000000241e-05
7.26175750000024e-05
7.26178100000024e-05
7.26180450000024e-05
7.261828000000239e-05
7.261851500000239e-05
7.341476500000239e-05
7.383308000000239e-05
7.383331500000238e-05
7.383355000000238e-05
7.427147000000239e-05
7.444482500000239e-05
7.444506000000239e-05
7.444529500000238e-05
7.485801500000239e-05
7.501697000000239e-05
7.501720500000238e-05
7.501744000000238e-05
7.501767500000238e-05
7.501791000000237e-05
7.501814500000237e-05
7.501838000000236e-05
7.501861500000236e-05
7.501885000000236e-05
7.501908500000235e-05
7.501932000000235e-05
7.501955500000234e-05
7.501979000000234e-05
7.502002500000234e-05
7.502026000000233e-05
7.502049500000233e-05
7.502073000000232e-05
7.502096500000232e-05
7.502120000000232e-05
7.502143500000231e-05
7.502167000000231e-05
7.50219050000023e-05
7.50221400000023e-05
7.50223750000023e-05
7.55891250000023e-05
7.585624000000231e-05
7.58564750000023e-05
7.58567100000023e-05
7.58569450000023e-05
7.585718000000229e-05
7.704777000000229e-05
7.769664500000228e-05
7.809774000000228e-05
7.824957500000229e-05
7.824981000000228e-05
7.825004500000228e-05
7.825028000000227e-05
7.825051500000227e-05
7.882255000000227e-05
7.911838500000227e-05
7.911862000000226e-05
7.911885500000226e-05
7.911909000000226e-05
7.911932500000225e-05
7.911956000000225e-05
7.911979500000224e-05
7.912003000000224e-05
7.912026500000224e-05
7.912050000000223e-05
7.912073500000223e-05
7.912097000000222e-05
7.912120500000222e-05
7.912144000000222e-05
7.912167500000221e-05
7.912191000000221e-05
7.91221450000022e-05
7.91223800000022e-05
7.91226150000022e-05
7.912285000000219e-05
7.912308500000219e-05
7.912332000000219e-05
7.912355500000218e-05
7.912379000000218e-05
7.912402500000217e-05
7.912426000000217e-05
7.912449500000217e-05
7.912473000000216e-05
7.912496500000216e-05
7.912520000000215e-05
7.912543500000215e-05
7.953815500000216e-05
7.969711000000216e-05
7.969734500000215e-05
7.969758000000215e-05
7.969781500000214e-05
7.969805000000214e-05
7.969828500000214e-05
7.969852000000213e-05
8.087553500000213e-05
8.151713000000214e-05
8.151736500000213e-05
8.151760000000213e-05
8.151783500000212e-05
8.151807000000212e-05
8.151830500000212e-05
8.151854000000211e-05
8.151877500000211e-05
8.15190100000021e-05
8.15192450000021e-05
8.19067650000021e-05
8.20513200000021e-05
8.20515550000021e-05
8.205179000000209e-05
8.211976000000209e-05
8.275411500000209e-05
8.30941100000021e-05
8.309434500000209e-05
8.309458000000209e-05
8.309481500000208e-05
8.309505000000208e-05
8.309528500000208e-05
8.309552000000207e-05
8.311296000000207e-05
8.312055500000207e-05
8.312079000000206e-05
8.312102500000206e-05
8.363280000000206e-05
8.386383500000206e-05
8.386407000000206e-05
8.386430500000206e-05
8.386454000000205e-05
8.386477500000205e-05
8.386501000000204e-05
8.386524500000204e-05
8.386548000000204e-05
8.386571500000203e-05
8.386595000000203e-05
8.386618500000203e-05
8.386642000000202e-05
8.386665500000202e-05
8.386689000000201e-05
8.386712500000201e-05
8.3867360000002e-05
8.3867595000002e-05
8.3867830000002e-05
8.3868065000002e-05
8.386830000000199e-05
8.386853500000199e-05
8.386877000000198e-05
8.386900500000198e-05
8.386924000000197e-05
8.386947500000197e-05
8.386971000000197e-05
8.386994500000196e-05
8.387018000000196e-05
8.387041500000196e-05
8.387065000000195e-05
8.387088500000195e-05
8.387112000000194e-05
8.387135500000194e-05
8.387159000000194e-05
8.387182500000193e-05
8.387206000000193e-05
8.387229500000192e-05
8.387253000000192e-05
8.387276500000192e-05
8.387300000000191e-05
8.387323500000191e-05
8.38734700000019e-05
8.38737050000019e-05
8.38739400000019e-05
8.387417500000189e-05
8.387441000000189e-05
8.389185000000189e-05
8.389944500000189e-05
8.389968000000188e-05
8.389991500000188e-05
8.390015000000187e-05
8.390038500000187e-05
8.390062000000187e-05
8.391806000000187e-05
8.392565500000186e-05
8.392589000000186e-05
8.392612500000185e-05
8.392636000000185e-05
8.392659500000185e-05
8.392683000000184e-05
8.392706500000184e-05
8.392730000000183e-05
8.392753500000183e-05
8.392777000000183e-05
8.404696500000182e-05
8.410504000000183e-05
8.410527500000182e-05
8.410551000000182e-05
8.410574500000182e-05
8.410598000000181e-05
8.410621500000181e-05
8.41064500000018e-05
8.41066850000018e-05
8.41069200000018e-05
8.410715500000179e-05
8.410739000000179e-05
8.410762500000178e-05
8.410786000000178e-05
8.455935500000178e-05
8.473999000000178e-05
8.474022500000178e-05
8.474046000000177e-05
8.474069500000177e-05
8.474093000000176e-05
8.474116500000176e-05
8.474140000000176e-05
8.474163500000175e-05
8.474187000000175e-05
8.474210500000174e-05
8.474234000000174e-05
8.474257500000174e-05
8.474281000000173e-05
8.474304500000173e-05
8.474328000000173e-05
8.474351500000172e-05
8.474375000000172e-05
8.474398500000171e-05
8.474422000000171e-05
8.47444550000017e-05
8.47446900000017e-05
8.47449250000017e-05
8.47451600000017e-05
8.474539500000169e-05
8.474563000000169e-05
8.474586500000168e-05
8.474610000000168e-05
8.474633500000167e-05
8.474657000000167e-05
8.474680500000167e-05
8.474704000000166e-05
8.474727500000166e-05
8.474751000000166e-05
8.474774500000165e-05
8.474798000000165e-05
8.474821500000164e-05
8.474845000000164e-05
8.474868500000164e-05
8.474892000000163e-05
8.474915500000163e-05
8.474939000000162e-05
8.474962500000162e-05
8.474986000000162e-05
8.475009500000161e-05
8.475033000000161e-05
8.47505650000016e-05
8.47508000000016e-05
8.47510350000016e-05
8.475127000000159e-05
8.475150500000159e-05
8.475174000000159e-05
8.475197500000158e-05
8.475221000000158e-05
8.475244500000157e-05
8.522914000000158e-05
8.542417500000158e-05
8.542441000000157e-05
8.542464500000157e-05
8.542488000000157e-05
8.542511500000156e-05
8.542535000000156e-05
8.542558500000155e-05
8.542582000000155e-05
8.542605500000155e-05
8.542629000000154e-05
8.542652500000154e-05
8.542676000000154e-05
8.542699500000153e-05
8.542723000000153e-05
8.542746500000152e-05
8.542770000000152e-05
8.542793500000152e-05
8.542817000000151e-05
8.542840500000151e-05
8.54286400000015e-05
8.54288750000015e-05
8.54291100000015e-05
8.542934500000149e-05
8.542958000000149e-05
8.542981500000148e-05
8.543005000000148e-05
8.543028500000148e-05
8.543052000000147e-05
8.543075500000147e-05
8.543099000000147e-05
8.543122500000146e-05
8.543146000000146e-05
8.588295500000146e-05
8.606359000000146e-05
8.606382500000145e-05
8.606406000000145e-05
8.606429500000144e-05
8.606453000000144e-05
8.606476500000144e-05
8.606500000000143e-05
8.606523500000143e-05
8.606547000000143e-05
8.606570500000142e-05
8.606594000000142e-05
8.606617500000141e-05
8.606641000000141e-05
8.60666450000014e-05
8.60668800000014e-05
8.60671150000014e-05
8.60673500000014e-05
8.606758500000139e-05
8.606782000000139e-05
8.606805500000138e-05
8.606829000000138e-05
8.649458500000138e-05
8.666082000000137e-05
8.666105500000137e-05
8.666129000000136e-05
8.666152500000136e-05
8.666176000000136e-05
8.666199500000135e-05
8.666223000000135e-05
8.666246500000135e-05
8.666270000000134e-05
8.741117500000134e-05
8.780781000000134e-05
8.780804500000133e-05
8.780828000000133e-05
8.780851500000133e-05
8.780875000000132e-05
8.780898500000132e-05
8.780922000000132e-05
8.780945500000131e-05
8.780969000000131e-05
8.78099250000013e-05
8.78101600000013e-05
8.78103950000013e-05
8.781063000000129e-05
8.781086500000129e-05
8.826236000000129e-05
8.844299500000129e-05
8.844323000000128e-05
8.844346500000128e-05
8.844370000000128e-05
8.844393500000127e-05
8.844417000000127e-05
8.844440500000126e-05
8.889590000000126e-05
8.907653500000126e-05
8.907677000000126e-05
8.907700500000126e-05
8.907724000000125e-05
8.907747500000125e-05
8.907771000000124e-05
8.907794500000124e-05
8.907818000000124e-05
8.907841500000123e-05
8.965045000000123e-05
8.994628500000123e-05
8.994652000000122e-05
8.994675500000122e-05
8.994699000000122e-05
8.994722500000121e-05
8.994746000000121e-05
8.99476950000012e-05
8.99479300000012e-05
8.99481650000012e-05
8.99484000000012e-05
9.12010150000012e-05
9.18858100000012e-05
9.18860450000012e-05
9.188628000000119e-05
9.188651500000119e-05
9.188675000000118e-05
9.188698500000118e-05
9.188722000000118e-05
9.188745500000117e-05
9.188769000000117e-05
9.188792500000117e-05
9.188816000000116e-05
9.188839500000116e-05
9.190591000000116e-05
9.191358500000116e-05
9.191382000000115e-05
9.191405500000115e-05
9.191429000000115e-05
9.191452500000114e-05
9.203282000000114e-05
9.209809500000115e-05
9.209833000000115e-05
9.209856500000114e-05
9.209880000000114e-05
9.209903500000113e-05
9.220923000000114e-05
9.226730500000114e-05
9.226754000000114e-05
9.226777500000113e-05
9.226801000000113e-05
9.226824500000113e-05
9.226848000000112e-05
9.226871500000112e-05
9.226895000000111e-05
9.226918500000111e-05
9.226942000000111e-05
9.22696550000011e-05
9.22698900000011e-05
9.22701250000011e-05
9.227036000000109e-05
9.227059500000109e-05
9.227083000000108e-05
9.227106500000108e-05
9.227130000000108e-05
9.227153500000107e-05
9.227177000000107e-05
9.227200500000106e-05
9.227224000000106e-05
9.227247500000106e-05
9.227271000000105e-05
9.227294500000105e-05
9.303499500000104e-05
9.343891000000105e-05
9.343914500000104e-05
9.343938000000104e-05
9.343961500000104e-05
9.343985000000103e-05
9.344008500000103e-05
9.344032000000103e-05
9.344055500000102e-05
9.344079000000102e-05
9.344102500000101e-05
9.344126000000101e-05
9.3441495000001e-05
9.3441730000001e-05
9.3441965000001e-05
9.3442200000001e-05
9.344243500000099e-05
9.344267000000099e-05
9.344290500000098e-05
9.344314000000098e-05
9.344337500000097e-05
9.344361000000097e-05
9.344384500000097e-05
9.344408000000096e-05
9.344431500000096e-05
9.344455000000096e-05
9.344478500000095e-05
9.344502000000095e-05
9.344525500000094e-05
9.344549000000094e-05
9.344572500000094e-05
9.344596000000093e-05
9.344619500000093e-05
9.344643000000092e-05
9.344666500000092e-05
9.344690000000092e-05
9.344713500000091e-05
9.344737000000091e-05
9.34476050000009e-05
9.34478400000009e-05
9.34480750000009e-05
9.344831000000089e-05
9.344854500000089e-05
9.344878000000089e-05
9.344901500000088e-05
9.344925000000088e-05
9.344948500000087e-05
9.344972000000087e-05
9.344995500000087e-05
9.345019000000086e-05
9.345042500000086e-05
9.345066000000085e-05
9.345089500000085e-05
9.346833500000085e-05
9.347593000000085e-05
9.347616500000084e-05
9.347640000000084e-05
9.347663500000083e-05
9.347687000000083e-05
9.347710500000083e-05
9.347734000000082e-05
9.347757500000082e-05
9.347781000000082e-05
9.347804500000081e-05
9.347828000000081e-05
9.34785150000008e-05
9.34787500000008e-05
9.34789850000008e-05
9.347922000000079e-05
9.347945500000079e-05
9.347969000000078e-05
9.347992500000078e-05
9.348016000000078e-05
9.348039500000077e-05
9.348063000000077e-05
9.348086500000076e-05
9.389358500000077e-05
9.405254000000077e-05
9.405277500000077e-05
9.405301000000076e-05
9.420550500000076e-05
9.428518000000075e-05
9.428541500000075e-05
9.428565000000075e-05
9.428588500000074e-05
9.428612000000074e-05
9.428635500000073e-05
9.428659000000073e-05
9.428682500000073e-05
9.428706000000072e-05
9.428729500000072e-05
9.428753000000072e-05
9.428776500000071e-05
9.428800000000071e-05
9.42882350000007e-05
9.42884700000007e-05
9.42887050000007e-05
9.428894000000069e-05
9.428917500000069e-05
9.428941000000068e-05
9.428964500000068e-05
9.428988000000068e-05
9.429011500000067e-05
9.429035000000067e-05
9.429058500000066e-05
9.429082000000066e-05
9.429105500000066e-05
9.429129000000065e-05
9.429152500000065e-05
9.429176000000065e-05
9.429199500000064e-05
9.429223000000064e-05
9.429246500000063e-05
9.429270000000063e-05
9.429293500000063e-05
9.429317000000062e-05
9.429340500000062e-05
9.429364000000061e-05
9.429387500000061e-05
9.42941100000006e-05
9.42943450000006e-05
9.42945800000006e-05
9.42948150000006e-05
9.429505000000059e-05
9.429528500000059e-05
9.429552000000058e-05
9.429575500000058e-05
9.429599000000058e-05
9.429622500000057e-05
9.429646000000057e-05
9.429669500000056e-05
9.429693000000056e-05
9.429716500000056e-05
9.429740000000055e-05
9.429763500000055e-05
9.429787000000054e-05
9.429810500000054e-05
9.429834000000054e-05
9.429857500000053e-05
9.429881000000053e-05
9.429904500000052e-05
9.429928000000052e-05
9.429951500000052e-05
9.429975000000051e-05
9.429998500000051e-05
9.43002200000005e-05
9.43004550000005e-05
9.43006900000005e-05
9.43009250000005e-05
9.430116000000049e-05
9.430139500000049e-05
9.430163000000048e-05
9.430186500000048e-05
9.430210000000047e-05
9.430233500000047e-05
9.430257000000047e-05
9.430280500000046e-05
9.430304000000046e-05
9.430327500000045e-05
9.430351000000045e-05
9.430374500000045e-05
9.430398000000044e-05
9.430421500000044e-05
9.430445000000044e-05
9.430468500000043e-05
9.430492000000043e-05
9.430515500000042e-05
9.430539000000042e-05
9.430562500000042e-05
9.430586000000041e-05
9.430609500000041e-05
9.43063300000004e-05
9.43065650000004e-05
9.43068000000004e-05
9.430703500000039e-05
9.430727000000039e-05
9.430750500000038e-05
9.430774000000038e-05
9.430797500000038e-05
9.430821000000037e-05
9.430844500000037e-05
9.430868000000037e-05
9.430891500000036e-05
9.430915000000036e-05
9.430938500000035e-05
9.430962000000035e-05
9.430985500000035e-05
9.431009000000034e-05
9.431032500000034e-05
9.431056000000033e-05
9.431079500000033e-05
9.431103000000033e-05
9.431126500000032e-05
9.431150000000032e-05
9.431173500000031e-05
9.431197000000031e-05
9.43122050000003e-05
9.43124400000003e-05
9.43126750000003e-05
9.43129100000003e-05
9.431314500000029e-05
9.431338000000029e-05
9.431361500000028e-05
9.431385000000028e-05
9.431408500000028e-05
9.431432000000027e-05
9.431455500000027e-05
9.431479000000026e-05
9.431502500000026e-05
9.431526000000026e-05
9.431549500000025e-05
9.431573000000025e-05
9.431596500000024e-05
9.431620000000024e-05
9.431643500000024e-05
9.431667000000023e-05
9.431690500000023e-05
9.431714000000023e-05
9.431737500000022e-05
9.481295000000022e-05
9.502958500000021e-05
9.502982000000021e-05
9.50300550000002e-05
9.54311500000002e-05
9.55829850000002e-05
9.55832200000002e-05
9.55834550000002e-05
9.55836900000002e-05
9.558392500000019e-05
9.606330000000019e-05
9.62655350000002e-05
9.626577000000019e-05
9.626600500000019e-05
9.626624000000018e-05
9.626647500000018e-05
9.626671000000017e-05
9.626694500000017e-05
9.626718000000017e-05
9.626741500000016e-05
9.626765000000016e-05
9.626788500000016e-05
9.626812000000015e-05
9.626835500000015e-05
9.626859000000014e-05
9.626882500000014e-05
9.710647500000014e-05
9.755359000000014e-05
9.755382500000014e-05
9.755406000000013e-05
9.755429500000013e-05
9.755453000000013e-05
9.755476500000012e-05
9.755500000000012e-05
9.812711000000012e-05
9.842302500000012e-05
9.842326000000012e-05
9.842349500000011e-05
9.842373000000011e-05
9.84239650000001e-05
9.84242000000001e-05
9.84244350000001e-05
9.842467000000009e-05
9.842490500000009e-05
9.842514000000008e-05
9.842537500000008e-05
9.842561000000008e-05
9.842584500000007e-05
9.842608000000007e-05
9.842631500000007e-05
9.842655000000006e-05
9.844399000000006e-05
9.845158500000006e-05
9.845182000000005e-05
9.845205500000005e-05
9.845229000000005e-05
9.862196000000004e-05
9.870891500000005e-05
9.870915000000004e-05
9.870938500000004e-05
9.870962000000004e-05
9.870985500000003e-05
9.871009000000003e-05
9.871032500000002e-05
9.880349500000002e-05
9.885445000000002e-05
9.885468500000001e-05
9.885492000000001e-05
9.8855155e-05
9.885539e-05
9.8855625e-05
9.885586e-05
9.885609499999999e-05
9.885632999999999e-05
9.885656499999998e-05
9.885679999999998e-05
9.885703499999997e-05
9.885726999999997e-05
9.885750499999997e-05
9.885773999999996e-05
9.885797499999996e-05
9.902764499999996e-05
9.911459999999996e-05
9.911483499999996e-05
9.911506999999995e-05
9.911530499999995e-05
9.924259999999994e-05
9.930787499999995e-05
9.930810999999995e-05
9.930834499999994e-05
9.930857999999994e-05
9.930881499999993e-05
9.930904999999993e-05
9.930928499999993e-05
9.930951999999992e-05
9.930975499999992e-05
9.930998999999991e-05
9.931022499999991e-05
9.93104599999999e-05
9.93106949999999e-05
9.93109299999999e-05
9.93111649999999e-05
9.931139999999989e-05
9.931163499999989e-05
9.931186999999988e-05
9.931210499999988e-05
9.931233999999988e-05
9.931257499999987e-05
9.931280999999987e-05
9.931304499999986e-05
9.931327999999986e-05
9.931351499999986e-05
9.931374999999985e-05
9.931398499999985e-05
9.931421999999984e-05
9.931445499999984e-05
9.931468999999984e-05
9.931492499999983e-05
9.931515999999983e-05
9.931539499999982e-05
9.948506499999982e-05
9.957201999999983e-05
9.957225499999982e-05
9.957248999999982e-05
9.957272499999981e-05
9.957295999999981e-05
9.957319499999981e-05
9.95734299999998e-05
9.96665999999998e-05
9.97175549999998e-05
0.0001002015049999998
0.0001004110199999998
0.00010041125499999979
0.00010041148999999979
0.00010041172499999978
0.00010041195999999978
0.00010041219499999978
0.00010041242999999977
0.00010041266499999977
0.00010041289999999976
0.00010041313499999976
0.00010041336999999976
0.00010041360499999975
0.00010041383999999975
0.00010041407499999975
0.00010041430999999974
0.00010041454499999974
0.00010041477999999973
0.00010041501499999973
0.00010041524999999973
0.00010058491999999972
0.00010067187499999973
0.00010067210999999972
0.00010067234499999972
0.00010067257999999972
0.00010067281499999971
0.00010067304999999971
0.0001006732849999997
0.0001006735199999997
0.0001006737549999997
0.00010067398999999969
0.00010067422499999969
0.00010080151999999968
0.00010086679499999969
0.00010086702999999969
0.00010086726499999968
0.00010086749999999968
0.00010086773499999967
0.00010086796999999967
0.00010086820499999967
0.00010086843999999966
0.00010086867499999966
0.00010086890999999965
0.00010086914499999965
0.00010086937999999965
0.00010086961499999964
0.00010086984999999964
0.00010087008499999963
0.00010087031999999963
0.00010087055499999963
0.00010093936999999962
0.00010096864499999962
0.00010220963499999961
0.00010288730999999961
0.0001028875449999996
0.0001028877799999996
0.0001028880149999996
0.00010288824999999959
0.00010300661999999959
0.00010307197499999959
0.00010307220999999959
0.00010307244499999958
0.00010319973999999958
0.00010326501499999958
0.00010326524999999958
0.00010326548499999957
0.00010326571999999957
0.00010326595499999957
0.00010326618999999956
0.00010326642499999956
0.00010326665999999956
0.00010326689499999955
0.00010326712999999955
0.00010326736499999954
0.00010326759999999954
0.00010339496999999955
0.00010346032499999954
0.00010346055999999954
0.00010346079499999954
0.00010346102999999953
0.00010346126499999953
0.00010346149999999952
0.00010346173499999952
0.00010346196999999952
0.00010346220499999951
0.00010346243999999951
0.0001034626749999995
0.0001034629099999995
0.0001034631449999995
0.00010346337999999949
0.00010346361499999949
0.00010346384999999949
0.00010358221999999949
0.00010364757499999948
0.00010364780999999948
0.00010364804499999948
0.00010364827999999947
0.00010364851499999947
0.00010364874999999946
0.00010364898499999946
0.00010364921999999946
0.00010364945499999945
0.00010364968999999945
0.00010364992499999944
0.00010365015999999944
0.00010365039499999944
0.00010365062999999943
0.00010365086499999943
0.00010365109999999943
0.00010365133499999942
0.00010365156999999942
0.00010365180499999941
0.00010365203999999941
0.0001036522749999994
0.00010377964499999941
0.00010384499999999941
0.0001038452349999994
0.0001038454699999994
0.0001038457049999994
0.0001038459399999994
0.00010384617499999939
0.00010384640999999939
0.00010396477999999939
0.00010403013499999938
0.00010403036999999938
0.00010403060499999938
0.00010403083999999937
0.00010403107499999937
0.00010403130999999936
0.00010403154499999936
0.00010403177999999936
0.00010403201499999935
0.00010403224999999935
0.00010403248499999935
0.00010403271999999934
0.00010403295499999934
0.00010403318999999933
0.00010403342499999933
0.00010403365999999933
0.00010403389499999932
0.00010403412999999932
0.00010405156999999932
0.00010405916499999931
0.00010405939999999931
0.00010418676999999932
0.00010425212499999931
0.00010425235999999931
0.00010425259499999931
0.0001042528299999993
0.0001042530649999993
0.0001042532999999993
0.00010425353499999929
0.00010437190499999929
0.00010443725999999929
0.00010443749499999929
0.00010443772999999928
0.00010443796499999928
0.00010443819999999927
0.00010443843499999927
0.00010443866999999927
0.00010443890499999926
0.00010443913999999926
0.00010443937499999925
0.00010443960999999925
0.00010443984499999925
0.00010444007999999924
0.00010444031499999924
0.00010444054999999924
0.00010444078499999923
0.00010444101999999923
0.00010444125499999922
0.00010444148999999922
0.00010444172499999922
0.00010444195999999921
0.00010456932999999922
0.00010463468499999922
0.00010463491999999921
0.00010463515499999921
0.0001046353899999992
0.0001046356249999992
0.0001046358599999992
0.00010463609499999919
0.00010475446499999919
0.00010481981999999919
0.00010482005499999919
0.00010482028999999918
0.00010482052499999918
0.00010482075999999917
0.00010482099499999917
0.00010482122999999917
0.00010482146499999916
0.00010482169999999916
0.00010482193499999916
0.00010482216999999915
0.00010482240499999915
0.00010482263999999914
0.00010482287499999914
0.00010482310999999914
0.00010482334499999913
0.00010495071499999914
0.00010501606999999914
0.00010501630499999913
0.00010501653999999913
0.00010501677499999912
0.00010513506999999913
0.00010520034499999913
0.00010520057999999913
0.00010520081499999912
0.00010520104999999912
0.00010520128499999912
0.00010520151999999911
0.00010520175499999911
0.0001052019899999991
0.0001052022249999991
0.0001052024599999991
0.0001056035549999991
0.0001057553899999991
0.0001057728299999991
0.0001057804249999991
0.00010578065999999909
0.00010578089499999909
0.00010578112999999908
0.00010578136499999908
0.00010578159999999908
0.00010578183499999907
0.00010578206999999907
0.00010578230499999906
0.00010587629999999906
0.00010591997499999906
0.00010637414999999906
0.00010656198499999906
0.00010656221999999905
0.00010656245499999905
0.00010656268999999905
0.00010656292499999904
0.00010656315999999904
0.00010656339499999903
0.00010656362999999903
0.00010656386499999903
0.00010656409999999902
0.00010656433499999902
0.00010656456999999901
0.00010656480499999901
0.00010656503999999901
0.000106565274999999
0.000106565509999999
0.000106565744999999
0.00010656597999999899
0.00010656621499999899
0.00010656644999999898
0.00010656668499999898
0.00010656691999999898
0.00010656715499999897
0.00010656738999999897
0.00010656762499999896
0.00010656785999999896
0.00010656809499999896
0.00010656832999999895
0.00010656856499999895
0.00010656879999999894
0.00010656903499999894
0.00010656926999999894
0.00010656950499999893
0.00010656973999999893
0.00010656997499999893
0.00010657020999999892
0.00010657044499999892
0.00010657067999999891
0.00010657091499999891
0.0001065711499999989
0.0001065713849999989
0.0001065716199999989
0.0001065718549999989
0.00010657208999999889
0.00010657232499999889
0.00010657255999999888
0.00010657279499999888
0.00010657302999999887
0.00010657326499999887
0.00010657349999999887
0.00010657373499999886
0.00010657396999999886
0.00010657420499999886
0.00010657443999999885
0.00010657467499999885
0.00010657490999999884
0.00010657514499999884
0.00010657537999999884
0.00010657561499999883
0.00010657584999999883
0.00010657608499999882
0.00010657631999999882
0.00010657655499999882
0.00010657678999999881
0.00010667888499999882
0.00010672975999999882
0.00010672999499999882
0.00010673022999999881
0.00010714294999999882
0.00010730190499999882
0.00010730213999999881
0.00010730237499999881
0.0001073026099999988
0.0001073028449999988
0.0001073030799999988
0.0001077734549999988
0.00010797568999999881
0.0001079759249999988
0.0001079761599999988
0.0001079763949999988
0.0001079766299999988
0.00010797686499999879
0.00010797709999999879
0.00010797733499999878
0.00010797756999999878
0.00010797780499999878
0.00010797803999999877
0.00010797827499999877
0.00010797850999999876
0.00010801304999999877
0.00010802784499999877
0.00010802807999999876
0.00010802831499999876
0.00010802854999999875
0.00010802878499999875
0.00010802901999999875
0.00010802925499999874
0.00010802948999999874
0.00010802972499999873
0.00010802995999999873
0.00010803019499999873
0.00010803042999999872
0.00010803066499999872
0.00010803089999999872
0.00010803113499999871
0.00010803136999999871
0.0001080316049999987
0.0001080318399999987
0.0001080320749999987
0.00010803230999999869
0.00010803254499999869
0.00010803277999999868
0.00010803301499999868
0.00010803324999999868
0.00010803348499999867
0.00010803371999999867
0.00010803395499999866
0.00010803418999999866
0.00010803442499999866
0.00010803465999999865
0.00010803489499999865
0.00010803512999999865
0.00010803536499999864
0.00010803559999999864
0.00010803583499999863
0.00010803606999999863
0.00010803630499999863
0.00010803653999999862
0.00010803677499999862
0.00010803700999999861
0.00010803724499999861
0.0001080374799999986
0.0001080377149999986
0.0001080379499999986
0.0001080381849999986
0.00010803841999999859
0.00010803865499999859
0.00010803888999999858
0.00010803912499999858
0.00010803935999999858
0.00010803959499999857
0.00010803982999999857
0.00010804006499999856
0.00010804029999999856
0.00010804053499999856
0.00010804076999999855
0.00010804100499999855
0.00010804123999999854
0.00010804147499999854
0.00010804170999999854
0.00010804194499999853
0.00010804217999999853
0.00010804241499999852
0.00010804264999999852
0.00010804288499999852
0.00010804311999999851
0.00010804335499999851
0.0001080435899999985
0.0001080438249999985
0.0001080440599999985
0.0001080442949999985
0.00010804452999999849
0.00010804476499999849
0.00010804499999999848
0.00010804523499999848
0.00010804546999999847
0.00010804570499999847
0.00010804593999999847
0.00010804617499999846
0.00010804640999999846
0.00010804664499999845
0.00010804687999999845
0.00010804711499999845
0.00010804734999999844
0.00010804758499999844
0.00010804781999999844
0.00010804805499999843
0.00010804828999999843
0.00010847458499999843
0.00010864081999999842
0.00010864105499999842
0.00010864128999999841
0.00010864152499999841
0.0001086417599999984
0.0001086419949999984
0.0001086422299999984
0.0001086424649999984
0.00010864269999999839
0.00010864293499999839
0.00010864316999999838
0.00010864340499999838
0.00010864363999999837
0.00010864387499999837
0.00010864410999999837
0.00010864434499999836
0.00010864457999999836
0.00010864481499999835
0.00010864504999999835
0.00010864528499999835
0.00010864551999999834
0.00010864575499999834
0.00010864598999999834
0.00010864622499999833
0.00010864645999999833
0.00010864669499999832
0.00010864692999999832
0.00010864716499999832
0.00010864739999999831
0.00010864763499999831
0.0001086478699999983
0.0001086481049999983
0.0001086483399999983
0.00010864857499999829
0.00010864880999999829
0.00010864904499999828
0.00010864927999999828
0.00010864951499999828
0.00010864974999999827
0.00010864998499999827
0.00010865021999999827
0.00010874331499999827
0.00010879418999999827
0.00010879442499999826
0.00010879465999999826
0.00010879489499999826
0.00010879512999999825
0.00010879536499999825
0.00010879559999999824
0.00010879583499999824
0.00010879606999999824
0.00010879630499999823
0.00010879653999999823
0.00010879677499999822
0.00010879700999999822
0.00010879724499999822
0.00010879747999999821
0.00010879771499999821
0.0001087979499999982
0.0001087981849999982
0.0001087984199999982
0.0001087986549999982
0.00010879888999999819
0.00010879912499999819
0.00010879935999999818
0.00010879959499999818
0.00010879982999999817
0.00010880006499999817
0.00010880029999999817
0.00010880053499999816
0.00010880076999999816
0.00010880100499999815
0.00010880123999999815
0.00010880147499999815
0.00010886944499999814
0.00010890599999999815
0.00010890623499999814
0.00010890646999999814
0.00010890670499999814
0.00010890693999999813
0.00010890717499999813
0.00010890740999999812
0.00010890764499999812
0.00010890787999999812
0.00010890811499999811
0.00010890834999999811
0.0001089085849999981
0.0001089088199999981
0.0001089090549999981
0.00010890928999999809
0.00010890952499999809
0.00010890975999999808
0.00010890999499999808
0.00010891022999999808
0.00010891046499999807
0.00010891069999999807
0.00010891093499999807
0.00010891116999999806
0.00010891140499999806
0.00010891163999999805
0.00010891187499999805
0.00010891210999999805
0.00010891234499999804
0.00010891257999999804
0.00010891281499999803
0.00010891304999999803
0.00010891328499999803
0.00010891351999999802
0.00010891375499999802
0.00010891398999999801
0.00011020537999999801
0.00011091185499999802
0.00011138222999999802
0.00011158446499999803
0.00011158469999999802
0.00011158493499999802
0.00011282592499999802
0.00011350359999999801
0.000113503834999998
0.000113504069999998
0.000113504304999998
0.000113504539999998
0.00011350477499999799
0.00011390586999999799
0.00011405770499999799
0.00011405793999999799
0.00011405817499999798
0.00011405840999999798
0.00011405864499999798
0.00011407615999999798
0.00011408383499999798
0.00011408406999999797
0.00011462104499999798
0.00011486647999999798
0.00011486671499999798
0.00011547028999999798
0.00011575892499999798
0.00011575915999999798
0.00011575939499999798
0.00011575962999999797
0.00011575986499999797
0.00011576009999999796
0.00011576033499999796
0.00011576056999999796
0.00011576080499999795
0.00011576103999999795
0.00011576127499999794
0.00011581291499999794
0.00011583490999999794
0.00011583514499999793
0.00011583537999999793
0.00011586991999999793
0.00011588471499999793
0.00011588494999999793
0.00011588518499999793
0.00011588541999999792
0.00011588565499999792
0.00011588588999999791
0.00011592858499999791
0.00011595065999999792
0.00011595089499999791
0.00011600260999999792
0.00011602468499999793
0.00011602491999999792
0.00011602515499999792
0.00011602538999999791
0.00011609335999999791
0.00011612991499999791
0.00011613014999999791
0.00011613038499999791
0.0001161306199999979
0.0001161308549999979
0.0001161310899999979
0.00011613132499999789
0.00011613155999999789
0.00011614907499999789
0.00011743981999999789
0.00011816181499999789
0.00011817932999999789
0.00011818700499999789
0.00011818723999999789
0.00011818747499999788
0.00011818770999999788
0.00011831500499999787
0.00011838027999999788
0.00011838051499999788
0.00011838074999999787
0.00011838098499999787
0.00011838121999999786
0.00011838145499999786
0.00011838168999999786
0.00011838192499999785
0.00011838215999999785
0.00011838239499999784
0.00011838262999999784
0.00011838286499999784
0.00011838309999999783
0.00011838333499999783
0.00011838356999999783
0.00011838380499999782
0.00011838403999999782
0.00011838427499999781
0.00011838450999999781
0.0001183847449999978
0.0001183849799999978
0.0001183852149999978
0.0001183854499999978
0.00011838568499999779
0.00011838591999999779
0.00011838615499999778
0.00011838638999999778
0.00011838662499999777
0.00011838685999999777
0.00011838709499999777
0.00011838732999999776
0.00011838756499999776
0.00011838779999999776
0.00011838803499999775
0.00011838826999999775
0.00011838850499999774
0.00011838873999999774
0.00011838897499999774
0.00011838920999999773
0.00011838944499999773
0.00011838967999999772
0.00011838991499999772
0.00011839014999999772
0.00011839038499999771
0.00011839061999999771
0.00011880333999999771
0.00011907869999999772
0.00011924501499999772
0.00011924524999999771
0.00011924548499999771
0.0001192457199999977
0.0001192459549999977
0.0001192461899999977
0.0001192464249999977
0.00011924665999999769
0.00011924689499999769
0.00011924712999999768
0.00011924736499999768
0.00011924759999999768
0.00011924783499999767
0.00011924806999999767
0.00011924830499999766
0.00011926574499999766
0.00011927333999999766
0.00011927357499999766
0.00011927380999999765
0.00011927404499999765
0.00011927427999999764
0.00011927451499999764
0.00011927474999999764
0.00011927498499999763
0.00011927521999999763
0.00011927545499999763
0.00011927568999999762
0.00011927592499999762
0.00011927615999999761
0.00011927639499999761
0.0001192766299999976
0.0001192768649999976
0.0001192770999999976
0.0001192773349999976
0.00011927756999999759
0.00011927780499999759
0.00011927803999999758
0.00011927827499999758
0.00011927850999999757
0.00011927874499999757
0.00011927897999999757
0.00011937297499999756
0.00011941664999999756
0.00011941688499999756
0.00011941711999999755
0.00011941735499999755
0.00011941758999999755
0.00011941782499999754
0.00011941805999999754
0.00011941829499999753
0.00011941852999999753
0.00011941876499999753
0.00011941899999999752
0.00011941923499999752
0.00011941946999999752
0.00011941970499999751
0.00011941993999999751
0.0001194201749999975
0.0001194204099999975
0.0001194206449999975
0.00011942087999999749
0.00011942111499999749
0.00011942134999999748
0.00011942158499999748
0.00011942181999999748
0.00011942205499999747
0.00011942228999999747
0.00011942252499999746
0.00011942275999999746
0.00011942299499999746
0.00011942322999999745
0.00011942346499999745
0.00011942369999999745
0.00011942393499999744
0.00011942416999999744
0.00011942440499999743
0.00011942463999999743
0.00011942487499999743
0.00011942510999999742
0.00011942534499999742
0.00011942557999999741
0.00011942581499999741
0.0001194260499999974
0.0001194262849999974
0.0001194265199999974
0.0001194267549999974
0.00011942698999999739
0.00011942722499999739
0.00011942745999999738
0.00011942769499999738
0.00011942792999999738
0.00011942816499999737
0.00011942839999999737
0.00011942863499999736
0.00011942886999999736
0.00011942910499999736
0.00011942933999999735
0.00011942957499999735
0.00011942980999999734
0.00011943004499999734
0.00011943027999999734
0.00011943051499999733
0.00011943074999999733
0.00011943098499999732
0.00011943121999999732
0.00011943145499999732
0.00011943168999999731
0.00011943192499999731
0.0001194321599999973
0.0001194323949999973
0.0001194326299999973
0.0001194328649999973
0.00011943309999999729
0.00011943333499999729
0.00011943356999999728
0.00011943380499999728
0.00011943403999999727
0.00011943427499999727
0.00011943450999999727
0.00011943474499999726
0.00011943497999999726
0.00011943521499999725
0.00011943544999999725
0.00011943568499999725
0.00011943591999999724
0.00011943615499999724
0.00011943638999999724
0.00011943662499999723
0.00011943685999999723
0.00011943709499999722
0.00011943732999999722
0.00011943756499999722
0.00011943779999999721
0.00011943803499999721
0.0001194382699999972
0.0001194385049999972
0.0001194387399999972
0.00011943897499999719
0.00011943920999999719
0.00011943944499999718
0.00011943967999999718
0.00011943991499999718
0.00011944014999999717
0.00011944038499999717
0.00011944061999999717
0.00011944085499999716
0.00011944108999999716
0.00011944132499999715
0.00011944155999999715
0.00011944179499999715
0.00011944202999999714
0.00011944226499999714
0.00011944249999999713
0.00011944273499999713
0.00011944296999999713
0.00011944320499999712
0.00011944343999999712
0.00011944367499999711
0.00011944390999999711
0.0001194441449999971
0.0001194443799999971
0.0001194446149999971
0.0001194448499999971
0.00011944508499999709
0.00011944531999999709
0.00011944555499999708
0.00011944578999999708
0.00011944602499999708
0.00011944625999999707
0.00011944649499999707
0.00011944672999999706
0.00011944696499999706
0.00011944719999999706
0.00011944743499999705
0.00011944766999999705
0.00011944790499999704
0.00011944813999999704
0.00011944837499999704
0.00011944860999999703
0.00011944884499999703
0.00011944907999999703
0.00011944931499999702
0.00011944954999999702
0.00011944978499999701
0.00011945001999999701
0.000119450254999997
0.000119450489999997
0.000119450724999997
0.000119450959999997
0.00011945119499999699
0.00011945142999999699
0.00011945166499999698
0.00011945189999999698
0.00011945213499999697
0.00011945236999999697
0.00011945260499999697
0.00011945283999999696
0.00011945307499999696
0.00011945330999999696
0.00011945354499999695
0.00011945377999999695
0.00011945401499999694
0.00011945424999999694
0.00011945448499999694
0.00011945471999999693
0.00011945495499999693
0.00012004408999999693
0.00012034712499999693
0.00012034735999999693
0.00012034759499999692
0.00012079014499999693
0.00012097085999999693
0.00012097109499999693
0.00012144146999999693
0.00012164370499999694
0.00012164393999999694
0.00012164417499999693
0.00012164440999999693
0.00012164464499999692
0.00012164487999999692
0.00012164511499999692
0.00012164534999999691
0.00012164558499999691
0.0001216458199999969
0.0001216460549999969
0.0001220839749999969
0.0001222573299999969
0.0001223000999999969
0.0001223222549999969
0.00012232248999999692
0.00012232272499999693
0.00012232295999999694
0.00012232319499999694
0.00012232342999999695
0.00012232366499999696
0.00012232389999999697
0.00012297787499999696
0.00012329530999999696
0.00012329554499999697
0.00012329577999999698
0.000123296014999997
0.000123313529999997
0.00012332120499999698
0.000123321439999997
0.000123321674999997
0.000123321909999997
0.00012375982999999701
0.00012393318499999702
0.00012393341999999703
0.00012393365499999704
0.00012399352499999704
0.00012402287999999703
0.00012402311499999703
0.00012402334999999704
0.00012485384999999706
0.00012520016499999704
0.00012520039999999705
0.00012520063499999706
0.00012520086999999707
0.00012520110499999708
0.0001252013399999971
0.0001252015749999971
0.0001252018099999971
0.00012520204499999712
0.00012520227999999713
0.00012520251499999714
0.00012563148999999714
0.00012580492499999715
0.00012580515999999716
0.00012580539499999717
0.00012580562999999718
0.0001258058649999972
0.0001258060999999972
0.0001258063349999972
0.00012580656999999722
0.00012580680499999723
0.00012580703999999723
0.00012580727499999724
0.00012580750999999725
0.00012580774499999726
0.00012580797999999727
0.00012580821499999728
0.0001258084499999973
0.0001258086849999973
0.0001258089199999973
0.00012580915499999732
0.00012580938999999733
0.00012580962499999734
0.00012580985999999735
0.00012581009499999736
0.00012581032999999737
0.00012581056499999738
0.0001258107999999974
0.0001258110349999974
0.0001258112699999974
0.00012581150499999742
0.00012581173999999743
0.00012581197499999744
0.00012581220999999745
0.00012581244499999746
0.00012581267999999747
0.00012581291499999748
0.00012581314999999749
0.0001258133849999975
0.0001258136199999975
0.00012581385499999752
0.00012581408999999752
0.00012581432499999753
0.00012581455999999754
0.00012581479499999755
0.00012581502999999756
0.00012581526499999757
0.00012581549999999758
0.0001258157349999976
0.0001258159699999976
0.0001258162049999976
0.00012581643999999762
0.00012581667499999763
0.00012581690999999764
0.00012581714499999765
0.00012581737999999766
0.00012581761499999767
0.00012581784999999768
0.0001258180849999977
0.0001258183199999977
0.0001258185549999977
0.00012581878999999772
0.00012581902499999773
0.00012581925999999774
0.00012581949499999775
0.00012581972999999776
0.00012639176499999776
0.00012668759999999777
0.00012668783499999778
0.00012668806999999779
0.0001266883049999978
0.0001266885399999978
0.00012668877499999782
0.00012668900999999782
0.00012668924499999783
0.00012668947999999784
0.00012668971499999785
0.00012668994999999786
0.00012669018499999787
0.00012669041999999788
0.0001266906549999979
0.0001266908899999979
0.0001266911249999979
0.00012669135999999792
0.00012669159499999793
0.00012669182999999794
0.00012669206499999795
0.00012669229999999796
0.00012669253499999797
0.00012669276999999798
0.000126693004999998
0.000126693239999998
0.000126693474999998
0.00012669370999999802
0.00012669394499999803
0.00012669417999999804
0.00012669441499999805
0.00012669464999999806
0.00012669488499999807
0.00012669511999999808
0.00012678011499999808
0.0001268237899999981
0.0001268240249999981
0.0001268242599999981
0.00012682449499999812
0.00012682472999999813
0.00012682496499999814
0.00012682519999999815
0.00012682543499999816
0.00012682566999999817
0.00012682590499999818
0.0001268261399999982
0.0001268263749999982
0.0001268266099999982
0.00012682684499999822
0.00012682707999999823
0.00012682731499999824
0.00012682754999999825
0.00012682778499999826
0.00012682801999999827
0.00012682825499999828
0.00012682848999999829
0.0001268287249999983
0.0001268289599999983
0.00012682919499999831
0.00012682942999999832
0.00012682966499999833
0.00012682989999999834
0.00012683013499999835
0.00012683036999999836
0.00012733951999999835
0.00012756343499999834
0.00012756366999999835
0.00012756390499999836
0.00012756413999999837
0.00012756437499999838
0.0001275646099999984
0.0001275648449999984
0.0001275650799999984
0.00012756531499999842
0.00012756554999999843
0.00012756578499999844
0.00012756601999999845
0.00012756625499999846
0.00012756648999999847
0.00012802066499999847
0.00012820849999999845
0.00012820873499999846
0.00012820896999999847
0.00012820920499999848
0.0001282094399999985
0.0001282096749999985
0.0001282099099999985
0.00012821014499999852
0.00012821037999999853
0.00012821061499999854
0.00012821084999999855
0.00012821108499999856
0.00012821131999999857
0.00012821155499999858
0.0001282117899999986
0.0001282120249999986
0.0001282122599999986
0.00012821249499999862
0.00012821272999999863
0.00012821296499999864
0.00012821319999999865
0.00012821343499999866
0.00012821366999999866
0.00012821390499999867
0.00012821413999999868
0.0001282143749999987
0.0001282146099999987
0.0001282148449999987
0.00012821507999999872
0.00012821531499999873
0.00012821554999999874
0.00012821578499999875
0.00012821601999999876
0.00012821625499999877
0.00012871182999999877
0.00012892846499999876
0.00012892869999999877
0.00012892893499999878
0.0001289291699999988
0.0001289294049999988
0.0001289296399999988
0.00012892987499999882
0.00012893010999999883
0.00012893034499999884
0.00012893057999999885
0.00012893081499999886
0.00012893104999999887
0.00012893128499999888
0.0001289315199999989
0.0001289317549999989
0.0001289319899999989
0.00012893222499999892
0.00012893245999999893
0.00012893269499999894
0.00012893292999999895
0.00012893316499999895
0.00012893339999999896
0.00012893363499999897
0.00012893386999999898
0.000128934104999999
0.000128934339999999
0.000128934574999999
0.00012893480999999902
0.00012893504499999903
0.00012893527999999904
0.00012937319999999905
0.00012954655499999905
0.00012954678999999906
0.00012958140499999906
0.00012959627999999907
0.00012964791999999908
0.00012966991499999906
0.00012967014999999907
0.00012967038499999908
0.00012971307999999908
0.00012973515499999907
0.00012973538999999908
0.0001297356249999991
0.0001297358599999991
0.0001297360949999991
0.00012973632999999912
0.00012973656499999913
0.00012973679999999914
0.00013014951999999915
0.00013030847499999915
0.00013030870999999916
0.00013030894499999916
0.00013032638499999917
0.00013033397999999917
0.00013033421499999918
0.0001303344499999992
0.0001303346849999992
0.0001303349199999992
0.00013033515499999922
0.00013033538999999923
0.00013033562499999924
0.00013033585999999925
0.00013033609499999926
0.00013033632999999927
0.00013033656499999928
0.0001303367999999993
0.0001303370349999993
0.0001303372699999993
0.00013033750499999932
0.00013033773999999933
0.00013033797499999934
0.00013033820999999935
0.00013033844499999936
0.00013033867999999937
0.00013033891499999938
0.0001303391499999994
0.0001303393849999994
0.0001303396199999994
0.00013033985499999942
0.00013034008999999943
0.00013034032499999944
0.00013034055999999945
0.00013099453499999943
0.00013131196999999943
0.00013131220499999944
0.00013131243999999945
0.00013131267499999946
0.00013131290999999947
0.00013131314499999948
0.0001313133799999995
0.0001313136149999995
0.0001313138499999995
0.00013131408499999952
0.00013131431999999953
0.00013131455499999954
0.00013214505499999955
0.00013249136999999954
0.00013249160499999955
0.00013249183999999956
0.00013249207499999957
0.00013249230999999958
0.0001324925449999996
0.0001324927799999996
0.0001324930149999996
0.00013249324999999962
0.00013249348499999963
0.00013249371999999964
0.00013249395499999965
0.00013249418999999966
0.00013249442499999967
0.00013249465999999968
0.00013249489499999969
0.0001324951299999997
0.0001324953649999997
0.00013249559999999971
0.00013249583499999972
0.00013249606999999973
0.00013249630499999974
0.00013249653999999975
0.00013249677499999976
0.00013249700999999977
0.00013290972999999978
0.00013373372999999977
0.00013419572499999977
0.00013419595999999978
0.0001341961949999998
0.0001342560649999998
0.0001347488649999998
0.0001349660599999998
0.0001349662949999998
0.00013496652999999982
0.00013496676499999982
0.00013496699999999983
0.00013496723499999984
0.00013496746999999985
0.00013496770499999986
0.00013496793999999987
0.00013496817499999988
0.0001349684099999999
0.0001350029499999999
0.0001350177449999999
0.0001350179799999999
0.00013501821499999991
0.00013540573499999992
0.0001355502899999999
0.00013555052499999992
0.00013555075999999993
0.00013555099499999994
0.00013555122999999995
0.00013555146499999996
0.00013555169999999997
0.00013555193499999998
0.00013555217
0.000135552405
0.00013555264
0.00013555287500000002
0.00013597917000000002
0.000136145405
0.00013614564000000002
0.00013614587500000003
0.00013614611000000004
0.00013621408000000004
0.00013625063500000004
0.00013625087000000005
0.00013625110500000006
0.00013625134000000007
0.00013625157500000008
0.0001362518100000001
0.0001362520450000001
0.0001362522800000001
0.00013625251500000012
0.00013625275000000013
0.00013625298500000014
0.00013625322000000015
0.00013625345500000016
0.00013625369000000017
0.00013625392500000018
0.0001362541600000002
0.0001362543950000002
0.0001362889350000002
0.0001363037300000002
0.0001363039650000002
0.00013630420000000022
0.00013630443500000023
0.00013630467000000024
0.00013630490500000025
0.00013630514000000026
0.00013630537500000027
0.00013630561000000028
0.00013630584500000029
0.0001363060800000003
0.0001363063150000003
0.00013630655000000032
0.00013630678500000033
0.00013630702000000033
0.00013630725500000034
0.00013630749000000035
0.00013687960000000036
0.00013717551500000037
0.00013717575000000038
0.0001371759850000004
0.0001371762200000004
0.0001371764550000004
0.00013717669000000042
0.00013717692500000043
0.00013717716000000044
0.00013717739500000045
0.00013717763000000046
0.00013717786500000047
0.00013717810000000047
0.00013717833500000048
0.0001371785700000005
0.0001371788050000005
0.0001371790400000005
0.00013717927500000052
0.00013717951000000053
0.00013717974500000054
0.00013717998000000055
0.00013718021500000056
0.00013718045000000057
0.00013718068500000058
0.0001371809200000006
0.0001371811550000006
0.0001371813900000006
0.00013718162500000062
0.00013718186000000063
0.00013718209500000064
0.00013718233000000065
0.00013718256500000066
0.00013718280000000067
0.00013718303500000068
0.0001371832700000007
0.0001371835050000007
0.0001371837400000007
0.00013718397500000072
0.00013718421000000073
0.00013718444500000074
0.00013718468000000075
0.00013718491500000075
0.00013718515000000076
0.00013718538500000077
0.00013718562000000078
0.0001371858550000008
0.0001371860900000008
0.0001371863250000008
0.00013718656000000082
0.00013718679500000083
0.00013718703000000084
0.00013718726500000085
0.00013718750000000086
0.00013718773500000087
0.00013718797000000088
0.0001371882050000009
0.0001371884400000009
0.0001371886750000009
0.00013718891000000092
0.00013727390500000092
0.00013731758000000094
0.00013731781500000094
0.00013731805000000095
0.00013731828500000096
0.00013731852000000097
0.00013731875500000098
0.000137318990000001
0.000137319225000001
0.000137319460000001
0.00013731969500000102
0.00013731993000000103
0.00013732016500000104
0.00013732040000000105
0.00013732063500000106
0.00013732087000000107
0.00013732110500000108
0.0001373213400000011
0.0001373215750000011
0.0001373218100000011
0.00013732204500000112
0.00013732228000000113
0.00013732251500000114
0.00013732275000000115
0.00013732298500000116
0.00013732322000000117
0.00013732345500000118
0.00013732369000000119
0.0001373239250000012
0.0001373241600000012
0.00013732439500000122
0.00013732463000000122
0.00013732486500000123
0.00013732510000000124
0.00013732533500000125
0.00013732557000000126
0.00013732580500000127
0.00013732604000000128
0.0001373262750000013
0.0001373265100000013
0.0001373267450000013
0.00013732698000000132
0.00013732721500000133
0.00013746261000000134
0.00013753508500000133
0.00013753532000000134
0.00013753555500000135
0.00013753579000000136
0.00013753602500000137
0.00013753626000000138
0.0001375364950000014
0.0001375367300000014
0.0001375369650000014
0.00013753720000000142
0.00013753743500000143
0.00013753767000000144
0.00013753790500000145
0.00013753814000000146
0.00013753837500000147
0.00013753861000000148
0.00013753884500000149
0.0001375390800000015
0.0001375393150000015
0.00013753955000000151
0.00013753978500000152
0.00013754002000000153
0.00013754025500000154
0.00013754049000000155
0.00013754072500000156
0.00013754096000000157
0.00013754119500000158
0.0001375414300000016
0.0001375416650000016
0.0001375419000000016
0.00013754213500000162
0.00013754237000000163
0.00013754260500000164
0.00013754284000000165
0.00013754307500000166
0.00013754331000000167
0.00013754354500000168
0.0001375437800000017
0.0001375440150000017
0.0001375442500000017
0.0001379317700000017
0.0001380763250000017
0.00013807656000000172
0.00013807679500000173
0.00013807703000000174
0.00013807726500000175
0.00013807750000000176
0.00013807773500000177
0.00013807797000000178
0.00013807820500000178
0.0001380784400000018
0.0001380786750000018
0.00013807891000000181
0.00013807914500000182
0.00013807938000000183
0.00013807961500000184
0.00013807985000000185
0.00013808008500000186
0.00013808032000000187
0.00013808055500000188