3.873000000000001e-07
5.316950000000002e-07
9.192150000000003e-07
1.0637700000000003e-06
1.0640050000000002e-06
1.0642400000000002e-06
1.064475e-06
1.451995e-06
1.5965500000000002e-06
1.9840700000000002e-06
2.1286250000000003e-06
2.1288600000000002e-06
2.129095e-06
2.12933e-06
2.129565e-06
2.1298e-06
2.130035e-06
2.1302699999999998e-06
2.1305049999999997e-06
2.1307399999999996e-06
2.1309749999999995e-06
2.1312099999999995e-06
2.1314449999999994e-06
2.1316799999999993e-06
2.1319149999999992e-06
2.132149999999999e-06
2.132384999999999e-06
2.132619999999999e-06
2.132854999999999e-06
2.133089999999999e-06
2.1333249999999988e-06
2.1335599999999987e-06
2.1337949999999986e-06
2.1340299999999985e-06
2.1342649999999984e-06
2.1344999999999984e-06
2.1347349999999983e-06
2.1349699999999982e-06
2.135204999999998e-06
2.135439999999998e-06
2.135674999999998e-06
2.135909999999998e-06
2.136144999999998e-06
2.1363799999999977e-06
2.1366149999999977e-06
2.1368499999999976e-06
2.1370849999999975e-06
2.1373199999999974e-06
2.1375549999999974e-06
2.1377899999999973e-06
2.138024999999997e-06
2.138259999999997e-06
2.138494999999997e-06
2.138729999999997e-06
2.138964999999997e-06
2.139199999999997e-06
2.1394349999999967e-06
2.1396699999999967e-06
2.1399049999999966e-06
2.1401399999999965e-06
2.1403749999999964e-06
2.5278949999999967e-06
2.6724499999999967e-06
2.6726849999999967e-06
2.6729199999999966e-06
2.6731549999999965e-06
2.6733899999999964e-06
2.6736249999999964e-06
2.6738599999999963e-06
2.674094999999996e-06
2.674329999999996e-06
2.674564999999996e-06
2.674799999999996e-06
2.675034999999996e-06
2.675269999999996e-06
2.6755049999999957e-06
2.6757399999999957e-06
2.6759749999999956e-06
2.6762099999999955e-06
2.6764449999999954e-06
2.6766799999999954e-06
2.6769149999999953e-06
2.677149999999995e-06
2.677384999999995e-06
2.677619999999995e-06
2.677854999999995e-06
2.678089999999995e-06
2.678324999999995e-06
2.6785599999999947e-06
2.6787949999999947e-06
2.6790299999999946e-06
2.6792649999999945e-06
2.6794999999999944e-06
2.6797349999999943e-06
2.6799699999999943e-06
2.680204999999994e-06
2.680439999999994e-06
2.680674999999994e-06
2.680909999999994e-06
2.681144999999994e-06
2.681379999999994e-06
2.6816149999999937e-06
2.6818499999999936e-06
2.6820849999999936e-06
2.6823199999999935e-06
2.6825549999999934e-06
2.6827899999999933e-06
2.6830249999999933e-06
2.683259999999993e-06
2.683494999999993e-06
2.683729999999993e-06
2.683964999999993e-06
2.684199999999993e-06
2.684434999999993e-06
2.6846699999999927e-06
2.6849049999999926e-06
2.6851399999999926e-06
2.6853749999999925e-06
2.6856099999999924e-06
2.6858449999999923e-06
2.6860799999999922e-06
2.686314999999992e-06
2.686549999999992e-06
2.686784999999992e-06
2.687019999999992e-06
2.687254999999992e-06
2.6874899999999918e-06
2.6877249999999917e-06
2.6879599999999916e-06
2.6881949999999915e-06
2.6884299999999915e-06
2.6886649999999914e-06
2.7061799999999914e-06
2.7138549999999913e-06
2.7140899999999912e-06
2.714324999999991e-06
2.714559999999991e-06
3.1020799999999913e-06
3.2466349999999914e-06
3.2468699999999913e-06
3.2471049999999912e-06
3.247339999999991e-06
3.247574999999991e-06
3.247809999999991e-06
3.248044999999991e-06
3.248279999999991e-06
3.2485149999999908e-06
3.2487499999999907e-06
3.2489849999999906e-06
3.2492199999999906e-06
3.2494549999999905e-06
3.2496899999999904e-06
3.2499249999999903e-06
3.6374449999999905e-06
3.7819999999999906e-06
3.7822349999999906e-06
3.7824699999999905e-06
3.7827049999999904e-06
3.7829399999999903e-06
3.7831749999999903e-06
3.78340999999999e-06
3.78364499999999e-06
3.78387999999999e-06
3.78411499999999e-06
3.78434999999999e-06
3.7845849999999898e-06
3.7848199999999897e-06
3.7850549999999896e-06
3.7852899999999896e-06
3.7855249999999895e-06
3.7857599999999894e-06
3.7859949999999893e-06
3.7862299999999892e-06
3.786464999999989e-06
3.786699999999989e-06
3.786934999999989e-06
3.787169999999989e-06
3.787404999999989e-06
3.7876399999999888e-06
3.7878749999999887e-06
3.7881099999999886e-06
3.7883449999999885e-06
3.7885799999999885e-06
3.7888149999999884e-06
3.7890499999999883e-06
3.7892849999999882e-06
3.789519999999988e-06
3.789754999999988e-06
3.789989999999988e-06
3.790224999999988e-06
3.790459999999988e-06
3.7906949999999878e-06
3.7909299999999877e-06
3.7911649999999876e-06
3.7913999999999875e-06
3.7916349999999875e-06
3.7918699999999874e-06
3.7921049999999873e-06
3.7923399999999872e-06
3.792574999999987e-06
3.792809999999987e-06
3.810249999999987e-06
3.817844999999987e-06
3.8180799999999875e-06
3.818314999999988e-06
3.818549999999988e-06
3.8187849999999885e-06
3.819019999999989e-06
3.819254999999989e-06
3.81948999999999e-06
3.81972499999999e-06
3.81995999999999e-06
3.820194999999991e-06
3.820429999999991e-06
3.820664999999991e-06
3.820899999999992e-06
3.821134999999992e-06
3.821369999999992e-06
3.821604999999993e-06
3.821839999999993e-06
3.822074999999993e-06
3.822309999999994e-06
3.822544999999994e-06
3.8227799999999944e-06
3.823014999999995e-06
3.823249999999995e-06
3.8234849999999955e-06
3.823719999999996e-06
3.823954999999996e-06
3.8241899999999965e-06
3.824424999999997e-06
3.824659999999997e-06
3.8248949999999975e-06
3.825129999999998e-06
3.825364999999998e-06
3.8255999999999986e-06
3.825834999999999e-06
3.826069999999999e-06
3.826305e-06
3.82654e-06
3.826775e-06
3.827010000000001e-06
3.827245000000001e-06
3.827480000000001e-06
3.827715000000002e-06
3.827950000000002e-06
3.828185000000002e-06
3.828420000000003e-06
3.828655000000003e-06
3.828890000000003e-06
3.829125000000004e-06
3.829360000000004e-06
3.8295950000000045e-06
3.829830000000005e-06
3.830065000000005e-06
3.8303000000000055e-06
3.830535000000006e-06
3.830770000000006e-06
3.8310050000000065e-06
3.831240000000007e-06
3.831475000000007e-06
3.8317100000000076e-06
3.831945000000008e-06
3.832180000000008e-06
3.832415000000009e-06
3.832650000000009e-06
3.832885000000009e-06
3.83312000000001e-06
3.83335500000001e-06
3.83359000000001e-06
3.833825000000011e-06
3.834060000000011e-06
3.834295000000011e-06
3.834530000000012e-06
3.834765000000012e-06
3.835000000000012e-06
3.835235000000013e-06
3.835470000000013e-06
3.8357050000000134e-06
3.835940000000014e-06
3.836175000000014e-06
3.8364100000000145e-06
3.836645000000015e-06
3.836880000000015e-06
3.8371150000000155e-06
3.837350000000016e-06
3.837585000000016e-06
3.8378200000000166e-06
3.838055000000017e-06
3.838290000000017e-06
3.838525000000018e-06
3.838760000000018e-06
3.838995000000018e-06
3.839230000000019e-06
3.839465000000019e-06
3.839700000000019e-06
3.83993500000002e-06
3.84017000000002e-06
3.84040500000002e-06
3.840640000000021e-06
3.840875000000021e-06
3.841110000000021e-06
3.841345000000022e-06
3.841580000000022e-06
3.8418150000000224e-06
3.842050000000023e-06
3.842285000000023e-06
3.8425200000000235e-06
3.842755000000024e-06
3.842990000000024e-06
3.8432250000000245e-06
3.843460000000025e-06
3.843695000000025e-06
3.8439300000000256e-06
3.844165000000026e-06
3.844400000000026e-06
3.844635000000027e-06
3.844870000000027e-06
3.845105000000027e-06
3.845340000000028e-06
3.845575000000028e-06
3.845810000000028e-06
3.846045000000029e-06
3.846280000000029e-06
3.846515000000029e-06
3.84675000000003e-06
3.84698500000003e-06
3.84722000000003e-06
3.847455000000031e-06
3.847690000000031e-06
3.8479250000000314e-06
3.848160000000032e-06
3.848395000000032e-06
3.8486300000000325e-06
3.848865000000033e-06
3.849100000000033e-06
3.8493350000000335e-06
3.849570000000034e-06
3.849805000000034e-06
3.8500400000000345e-06
3.850275000000035e-06
3.850510000000035e-06
3.850745000000036e-06
3.850980000000036e-06
3.851215000000036e-06
3.851450000000037e-06
3.851685000000037e-06
3.851920000000037e-06
3.852155000000038e-06
3.852390000000038e-06
3.852625000000038e-06
3.852860000000039e-06
3.853095000000039e-06
3.853330000000039e-06
3.85356500000004e-06
3.85380000000004e-06
3.8540350000000404e-06
3.854270000000041e-06
3.854505000000041e-06
3.8547400000000415e-06
3.854975000000042e-06
3.855210000000042e-06
3.8554450000000425e-06
3.855680000000043e-06
3.855915000000043e-06
3.8561500000000435e-06
3.856385000000044e-06
3.856620000000044e-06
3.856855000000045e-06
3.857090000000045e-06
3.857325000000045e-06
3.857560000000046e-06
3.857795000000046e-06
3.858030000000046e-06
3.858265000000047e-06
3.858500000000047e-06
3.858735000000047e-06
3.858970000000048e-06
3.859205000000048e-06
3.859440000000048e-06
3.859675000000049e-06
3.859910000000049e-06
3.860145000000049e-06
3.86038000000005e-06
3.86061500000005e-06
3.8608500000000505e-06
3.861085000000051e-06
3.861320000000051e-06
3.8615550000000515e-06
3.861790000000052e-06
3.862025000000052e-06
3.8622600000000525e-06
3.862495000000053e-06
3.862730000000053e-06
3.8629650000000536e-06
4.250485000000053e-06
4.395040000000053e-06
4.395275000000053e-06
4.395510000000054e-06
4.395745000000054e-06
4.3959800000000544e-06
4.396215000000055e-06
4.396450000000055e-06
4.3966850000000555e-06
4.396920000000056e-06
4.397155000000056e-06
4.3973900000000565e-06
4.397625000000057e-06
4.397860000000057e-06
4.3980950000000575e-06
4.398330000000058e-06
4.398565000000058e-06
4.398800000000059e-06
4.399035000000059e-06
4.399270000000059e-06
4.39950500000006e-06
4.39974000000006e-06
4.39997500000006e-06
4.400210000000061e-06
4.400445000000061e-06
4.400680000000061e-06
4.400915000000062e-06
4.401150000000062e-06
4.401385000000062e-06
4.401620000000063e-06
4.401855000000063e-06
4.402090000000063e-06
4.402325000000064e-06
4.402560000000064e-06
4.4027950000000645e-06
4.403030000000065e-06
4.403265000000065e-06
4.4035000000000655e-06
4.403735000000066e-06
4.403970000000066e-06
4.4042050000000665e-06
4.404440000000067e-06
4.404675000000067e-06
4.4049100000000676e-06
4.405145000000068e-06
4.405380000000068e-06
4.405615000000069e-06
4.405850000000069e-06
4.406085000000069e-06
4.40632000000007e-06
4.40655500000007e-06
4.40679000000007e-06
4.407025000000071e-06
4.407260000000071e-06
4.407495000000071e-06
4.407730000000072e-06
4.407965000000072e-06
4.408200000000072e-06
4.408435000000073e-06
4.408670000000073e-06
4.4089050000000735e-06
4.409140000000074e-06
4.409375000000074e-06
4.4096100000000745e-06
4.409845000000075e-06
4.410080000000075e-06
4.4103150000000755e-06
4.410550000000076e-06
4.410785000000076e-06
4.4110200000000766e-06
4.411255000000077e-06
4.411490000000077e-06
4.411725000000078e-06
4.411960000000078e-06
4.412195000000078e-06
4.412430000000079e-06
4.412665000000079e-06
4.412900000000079e-06
4.41313500000008e-06
4.41337000000008e-06
4.41360500000008e-06
4.413840000000081e-06
4.414075000000081e-06
4.414310000000081e-06
4.414545000000082e-06
4.414780000000082e-06
4.4150150000000824e-06
4.415250000000083e-06
4.415485000000083e-06
4.4157200000000835e-06
4.415955000000084e-06
4.416190000000084e-06
4.4164250000000845e-06
4.416660000000085e-06
4.416895000000085e-06
4.4171300000000856e-06
4.417365000000086e-06
4.804885000000086e-06
4.949440000000085e-06
4.949675000000086e-06
4.949910000000086e-06
4.950145000000086e-06
4.950380000000087e-06
4.950615000000087e-06
4.9508500000000875e-06
4.951085000000088e-06
4.951320000000088e-06
4.9515550000000885e-06
4.951790000000089e-06
4.952025000000089e-06
4.9522600000000895e-06
4.95249500000009e-06
4.95273000000009e-06
4.9529650000000906e-06
4.953200000000091e-06
4.953435000000091e-06
4.953670000000092e-06
4.953905000000092e-06
4.954140000000092e-06
4.954375000000093e-06
4.954610000000093e-06
4.972050000000093e-06
4.9796450000000935e-06
4.979880000000094e-06
4.980115000000094e-06
4.9803500000000945e-06
4.980585000000095e-06
4.980820000000095e-06
4.981055000000096e-06
4.981290000000096e-06
4.981525000000096e-06
4.981760000000097e-06
4.981995000000097e-06
4.982230000000097e-06
4.982465000000098e-06
4.982700000000098e-06
4.982935000000098e-06
4.983170000000099e-06
4.983405000000099e-06
4.983640000000099e-06
4.9838750000001e-06
4.9841100000001e-06
4.9843450000001e-06
4.984580000000101e-06
4.984815000000101e-06
4.9850500000001015e-06
4.985285000000102e-06
4.985520000000102e-06
4.9857550000001025e-06
4.985990000000103e-06
4.986225000000103e-06
4.9864600000001035e-06
4.986695000000104e-06
4.986930000000104e-06
5.004445000000104e-06
5.012120000000104e-06
5.012355000000104e-06
5.012590000000104e-06
5.012825000000105e-06
5.013060000000105e-06
5.0132950000001055e-06
5.013530000000106e-06
5.013765000000106e-06
5.401285000000106e-06
5.545840000000106e-06
5.546075000000106e-06
5.546310000000106e-06
5.546545000000107e-06
5.546780000000107e-06
5.547015000000107e-06
5.547250000000108e-06
5.547485000000108e-06
5.547720000000108e-06
5.547955000000109e-06
5.548190000000109e-06
5.5484250000001094e-06
5.54866000000011e-06
5.54889500000011e-06
5.5491300000001105e-06
5.549365000000111e-06
5.549600000000111e-06
5.5498350000001115e-06
5.550070000000112e-06
5.550305000000112e-06
5.5505400000001125e-06
5.550775000000113e-06
5.551010000000113e-06
5.551245000000114e-06
5.551480000000114e-06
5.551715000000114e-06
5.551950000000115e-06
5.552185000000115e-06
5.552420000000115e-06
5.552655000000116e-06
5.552890000000116e-06
5.553125000000116e-06
5.553360000000117e-06
5.553595000000117e-06
5.553830000000117e-06
5.554065000000118e-06
5.554300000000118e-06
5.554535000000118e-06
5.554770000000119e-06
5.555005000000119e-06
5.5552400000001195e-06
5.55547500000012e-06
5.55571000000012e-06
5.5559450000001205e-06
5.57346000000012e-06
5.58113500000012e-06
5.58137000000012e-06
5.581605000000121e-06
5.581840000000121e-06
5.582075000000121e-06
5.582310000000122e-06
5.582545000000122e-06
5.582780000000122e-06
5.583015000000123e-06
5.583250000000123e-06
5.5834850000001235e-06
5.583720000000124e-06
5.583955000000124e-06
5.5841900000001245e-06
5.584425000000125e-06
5.584660000000125e-06
5.5848950000001255e-06
5.585130000000126e-06
5.585365000000126e-06
5.5856000000001266e-06
5.585835000000127e-06
5.586070000000127e-06
5.586305000000128e-06
5.586540000000128e-06
5.586775000000128e-06
5.587010000000129e-06
5.587245000000129e-06
5.587480000000129e-06
5.58771500000013e-06
5.58795000000013e-06
5.58818500000013e-06
5.588420000000131e-06
5.588655000000131e-06
5.588890000000131e-06
5.589125000000132e-06
5.9766450000001316e-06
6.121200000000131e-06
6.1214350000001316e-06
6.121670000000132e-06
6.121905000000132e-06
6.122140000000133e-06
6.122375000000133e-06
6.122610000000133e-06
6.122845000000134e-06
6.123080000000134e-06
6.123315000000134e-06
6.123550000000135e-06
6.123785000000135e-06
6.124020000000135e-06
6.124255000000136e-06
6.124490000000136e-06
6.124725000000136e-06
6.124960000000137e-06
6.125195000000137e-06
6.1254300000001375e-06
6.125665000000138e-06
6.125900000000138e-06
6.1261350000001385e-06
6.126370000000139e-06
6.126605000000139e-06
6.1268400000001395e-06
6.12707500000014e-06
6.12731000000014e-06
6.1275450000001406e-06
6.127780000000141e-06
6.128015000000141e-06
6.128250000000142e-06
6.128485000000142e-06
6.128720000000142e-06
6.128955000000143e-06
6.129190000000143e-06
6.129425000000143e-06
6.129660000000144e-06
6.129895000000144e-06
6.130130000000144e-06
6.130365000000145e-06
6.130600000000145e-06
6.130835000000145e-06
6.131070000000146e-06
6.131305000000146e-06
6.1315400000001464e-06
6.131775000000147e-06
6.132010000000147e-06
6.1322450000001475e-06
6.132480000000148e-06
6.132715000000148e-06
6.1329500000001485e-06
6.133185000000149e-06
6.133420000000149e-06
6.1336550000001496e-06
6.13389000000015e-06
6.13412500000015e-06
6.134360000000151e-06
6.134595000000151e-06
6.134830000000151e-06
6.135065000000152e-06
6.135300000000152e-06
6.135535000000152e-06
6.135770000000153e-06
6.136005000000153e-06
6.136240000000153e-06
6.136475000000154e-06
6.136710000000154e-06
6.136945000000154e-06
6.524465000000154e-06
6.669020000000154e-06
6.669255000000154e-06
6.6694900000001546e-06
7.0705850000001545e-06
7.875005000000154e-06
8.322760000000154e-06
8.723855000000154e-06
8.875690000000154e-06
8.875925000000153e-06
9.330100000000153e-06
9.517935000000152e-06
9.535450000000153e-06
9.543125000000153e-06
9.543360000000152e-06
9.543595000000152e-06
9.956315000000152e-06
1.0115270000000152e-05
1.0115505000000151e-05
1.011574000000015e-05
1.0503260000000151e-05
1.0647815000000152e-05
1.0682355000000152e-05
1.0697150000000152e-05
1.0697385000000152e-05
1.0697620000000151e-05
1.069785500000015e-05
1.134733000000015e-05
1.167196500000015e-05
1.1672200000000149e-05
1.1672435000000148e-05
1.1672670000000148e-05
1.2060190000000149e-05
1.2204745000000149e-05
1.2204980000000149e-05
1.2205215000000148e-05
1.2205450000000148e-05
1.2205685000000147e-05
1.2205920000000147e-05
1.2206155000000146e-05
1.2206390000000146e-05
1.2240930000000146e-05
1.2255725000000146e-05
1.2255960000000145e-05
1.2256195000000145e-05
1.2256430000000144e-05
1.2256665000000144e-05
1.2256900000000143e-05
1.2257135000000143e-05
1.2257370000000142e-05
1.2257605000000142e-05
1.2257840000000141e-05
1.2258075000000141e-05
1.225831000000014e-05
1.225854500000014e-05
1.225878000000014e-05
1.2259015000000139e-05
1.2259250000000138e-05
1.2259485000000138e-05
1.2259720000000137e-05
1.2259955000000137e-05
1.2260190000000136e-05
1.2260425000000136e-05
1.2661520000000136e-05
1.2813355000000136e-05
1.2813590000000135e-05
1.3201110000000136e-05
1.3345665000000136e-05
1.3345900000000136e-05
1.3346135000000135e-05
1.3346370000000135e-05
1.3346605000000134e-05
1.3364045000000135e-05
1.3771805000000135e-05
1.3931080000000135e-05
1.3931315000000135e-05
1.3931550000000134e-05
1.3931785000000134e-05
1.3949225000000134e-05
1.4370560000000134e-05
1.4537115000000133e-05
1.4537350000000133e-05
1.4537585000000132e-05
1.4537820000000132e-05
1.4538055000000131e-05
1.453829000000013e-05
1.453852500000013e-05
1.453876000000013e-05
1.453899500000013e-05
1.4539230000000129e-05
1.4539465000000128e-05
1.4539700000000128e-05
1.4539935000000127e-05
1.4540170000000127e-05
1.4540405000000126e-05
1.4540640000000126e-05
1.4540875000000125e-05
1.4541110000000125e-05
1.4541345000000124e-05
1.4541580000000124e-05
1.4541815000000123e-05
1.4542050000000123e-05
1.4542285000000122e-05
1.4542520000000122e-05
1.4542755000000121e-05
1.454299000000012e-05
1.454322500000012e-05
1.454346000000012e-05
1.4981380000000119e-05
1.5154735000000118e-05
1.5154970000000118e-05
1.5155205000000117e-05
1.5155440000000117e-05
1.5155675000000116e-05
1.5155910000000116e-05
1.5156145000000115e-05
1.5156380000000115e-05
1.5156615000000114e-05
1.5156850000000114e-05
1.5157085000000113e-05
1.5157320000000113e-05
1.5157555000000112e-05
1.5157790000000112e-05
1.5158025000000111e-05
1.5158260000000111e-05
1.515849500000011e-05
1.515873000000011e-05
1.515896500000011e-05
1.5159200000000109e-05
1.5159435000000108e-05
1.5159670000000108e-05
1.5159905000000107e-05
1.5561000000000107e-05
1.5712835000000107e-05
1.5713070000000107e-05
1.5713305000000106e-05
1.5713540000000106e-05
1.5713775000000105e-05
1.5714010000000105e-05
1.5714245000000104e-05
1.5714480000000104e-05
1.5714715000000103e-05
1.5714950000000103e-05
1.5715185000000102e-05
1.57154200000001e-05
1.57156550000001e-05
1.57158900000001e-05
1.61034100000001e-05
1.62479650000001e-05
1.62482000000001e-05
1.62484350000001e-05
1.62486700000001e-05
1.62661100000001e-05
1.62737050000001e-05
1.6273940000000098e-05
1.6274175000000097e-05
1.6274410000000097e-05
1.6274645000000096e-05
1.6274880000000096e-05
1.6275115000000095e-05
1.6713035000000095e-05
1.6886390000000096e-05
1.6886625000000095e-05
1.6886860000000095e-05
1.6887095000000094e-05
1.6887330000000094e-05
1.6887565000000093e-05
1.6887800000000093e-05
1.6888035000000092e-05
1.7275555000000093e-05
1.8073530000000093e-05
1.851400500000009e-05
1.851424000000009e-05
1.851447500000009e-05
1.851471000000009e-05
1.851494500000009e-05
1.851518000000009e-05
1.8515415000000088e-05
1.890293500000009e-05
1.9047490000000088e-05
1.9047725000000087e-05
1.949027500000009e-05
1.967099000000009e-05
2.008371000000009e-05
2.0907710000000092e-05
2.136970500000009e-05
2.136994000000009e-05
2.140455500000009e-05
2.141943000000009e-05
2.141966500000009e-05
2.141990000000009e-05
2.142013500000009e-05
2.142037000000009e-05
2.1420605000000088e-05
2.1420840000000087e-05
2.1421075000000087e-05
2.1421310000000086e-05
2.1421545000000086e-05
2.1421780000000085e-05
2.1422015000000085e-05
2.1422250000000084e-05
2.1422485000000084e-05
2.1422720000000083e-05
2.1422955000000083e-05
2.1423190000000082e-05
2.1423425000000082e-05
2.142366000000008e-05
2.142389500000008e-05
2.142413000000008e-05
2.161450000000008e-05
2.1918015000000078e-05
2.216393000000008e-05
2.218144500000008e-05
2.218912000000008e-05
2.224899000000008e-05
2.227834500000008e-05
2.227858000000008e-05
2.227881500000008e-05
2.227905000000008e-05
2.227928500000008e-05
2.227952000000008e-05
2.2279755000000078e-05
2.2297270000000077e-05
2.2304945000000078e-05
2.232238500000008e-05
2.2329980000000078e-05
2.2330215000000077e-05
2.2330450000000077e-05
2.2330685000000076e-05
2.2330920000000076e-05
2.2331155000000075e-05
2.2331390000000075e-05
2.2374085000000073e-05
2.2396160000000073e-05
2.2464055000000072e-05
2.2500530000000072e-05
2.2500765000000072e-05
2.2535305000000072e-05
2.2550100000000074e-05
2.2550335000000074e-05
2.2550570000000073e-05
2.2550805000000072e-05
2.2551040000000072e-05
2.255127500000007e-05
2.255151000000007e-05
2.255174500000007e-05
2.255198000000007e-05
2.261995000000007e-05
2.265650500000007e-05
2.265674000000007e-05
2.265697500000007e-05
2.265721000000007e-05
2.265744500000007e-05
2.2657680000000068e-05
2.271755000000007e-05
2.274690500000007e-05
2.274714000000007e-05
2.2747375000000068e-05
2.2747610000000067e-05
2.2747845000000067e-05
2.2748080000000066e-05
2.2748315000000066e-05
2.2748550000000065e-05
2.2748785000000065e-05
2.2749020000000064e-05
2.2749255000000064e-05
2.2749490000000063e-05
2.2749725000000063e-05
2.2749960000000062e-05
2.2750195000000062e-05
2.275043000000006e-05
2.275066500000006e-05
2.275090000000006e-05
2.275113500000006e-05
2.275137000000006e-05
2.275160500000006e-05
2.2751840000000058e-05
2.2752075000000058e-05
2.2752310000000057e-05
2.320648500000006e-05
2.339432000000006e-05
2.339455500000006e-05
2.339479000000006e-05
2.3395025000000058e-05
2.3395260000000058e-05
2.3395495000000057e-05
2.3395730000000057e-05
2.3395965000000056e-05
2.3396200000000056e-05
2.3396435000000055e-05
2.3396670000000055e-05
2.3396905000000054e-05
2.3397140000000054e-05
2.3397375000000053e-05
2.3397610000000053e-05
2.3397845000000052e-05
2.339808000000005e-05
2.339831500000005e-05
2.339855000000005e-05
2.339878500000005e-05
2.339902000000005e-05
2.339925500000005e-05
2.339949000000005e-05
2.3399725000000048e-05
2.3399960000000048e-05
2.3400195000000047e-05
2.3400430000000047e-05
2.3400665000000046e-05
2.3400900000000046e-05
2.3401135000000045e-05
2.3401370000000045e-05
2.3401605000000044e-05
2.3401840000000044e-05
2.3402075000000043e-05
2.3402310000000043e-05
2.3402545000000042e-05
2.340278000000004e-05
2.340301500000004e-05
2.409389000000004e-05
2.444732500000004e-05
2.444756000000004e-05
2.444779500000004e-05
2.444803000000004e-05
2.444826500000004e-05
2.444850000000004e-05
2.4448735000000038e-05
2.4448970000000038e-05
2.4449205000000037e-05
2.4449440000000037e-05
2.4449675000000036e-05
2.4449910000000036e-05
2.4450145000000035e-05
2.4450380000000035e-05
2.4450615000000034e-05
2.4450850000000034e-05
2.4451085000000033e-05
2.4451320000000033e-05
2.4451555000000032e-05
2.4451790000000032e-05
2.445202500000003e-05
2.445226000000003e-05
2.445249500000003e-05
2.445273000000003e-05
2.445296500000003e-05
2.445320000000003e-05
2.4453435000000028e-05
2.4453670000000028e-05
2.4453905000000027e-05
2.4454140000000027e-05
2.4454375000000026e-05
2.4867095000000028e-05
2.5026050000000028e-05
2.5026285000000027e-05
2.5026520000000027e-05
2.5026755000000026e-05
2.5414275000000027e-05
2.5558830000000026e-05
2.5559065000000025e-05
2.5559300000000025e-05
2.5559535000000024e-05
2.5559770000000024e-05
2.5577210000000024e-05
2.5584805000000023e-05
2.5585040000000023e-05
2.5585275000000022e-05
2.5585510000000022e-05
2.558574500000002e-05
2.558598000000002e-05
2.560342000000002e-05
2.6082435000000022e-05
2.6292350000000023e-05
2.6292585000000022e-05
2.6705305000000024e-05
2.6864260000000024e-05
2.6864495000000023e-05
2.6864730000000023e-05
2.6864965000000022e-05
2.6865200000000022e-05
2.686543500000002e-05
2.686567000000002e-05
2.688311000000002e-05
2.689070500000002e-05
2.7303425000000022e-05
2.7462380000000022e-05
2.746261500000002e-05
2.746285000000002e-05
2.7875570000000023e-05
2.8034525000000023e-05
2.8034760000000022e-05
2.8034995000000022e-05
2.803523000000002e-05
2.803546500000002e-05
2.875154000000002e-05
2.911937500000002e-05
2.911961000000002e-05
2.911984500000002e-05
2.9120080000000018e-05
2.917172000000002e-05
2.919371500000002e-05
2.919395000000002e-05
2.919418500000002e-05
2.9194420000000018e-05
2.924606000000002e-05
2.926805500000002e-05
2.926829000000002e-05
2.9268525000000018e-05
2.9268760000000018e-05
2.9268995000000017e-05
2.9706915000000016e-05
3.0022775000000015e-05
3.0210690000000015e-05
3.0210925000000014e-05
3.0228365000000015e-05
3.0235960000000014e-05
3.0236195000000013e-05
3.0236430000000013e-05
3.0253870000000013e-05
3.0261465000000013e-05
3.0261700000000012e-05
3.026193500000001e-05
3.026217000000001e-05
3.026240500000001e-05
3.026264000000001e-05
3.026287500000001e-05
3.026311000000001e-05
3.026334500000001e-05
3.0263580000000008e-05
3.0263815000000008e-05
3.0264050000000007e-05
3.0298590000000008e-05
3.072615000000001e-05
3.089982500000001e-05
3.090006000000001e-05
3.090029500000001e-05
3.0900530000000016e-05
3.090076500000002e-05
3.090100000000002e-05
3.135517500000002e-05
3.154301000000002e-05
3.154324500000002e-05
3.1543480000000026e-05
3.154371500000003e-05
3.154395000000003e-05
3.1544185000000035e-05
3.154442000000004e-05
3.154465500000004e-05
3.1544890000000043e-05
3.1545125000000046e-05
3.1932645000000044e-05
3.271704500000004e-05
3.315024000000004e-05
3.3150475000000046e-05
3.315071000000005e-05
3.315094500000005e-05
3.3151180000000055e-05
3.315141500000006e-05
3.315165000000006e-05
3.3151885000000064e-05
3.3152120000000066e-05
3.315235500000007e-05
3.315259000000007e-05
3.3152825000000075e-05
3.315306000000008e-05
3.315329500000008e-05
3.3153530000000084e-05
3.3153765000000087e-05
3.315400000000009e-05
3.315423500000009e-05
3.3154470000000095e-05
3.31547050000001e-05
3.3542225000000095e-05
3.36867800000001e-05
3.36870150000001e-05
3.40997350000001e-05
3.42586900000001e-05
3.42589250000001e-05
3.4259160000000104e-05
3.425939500000011e-05
3.425963000000011e-05
3.467235000000011e-05
3.483130500000011e-05
3.483154000000011e-05
3.4831775000000114e-05
3.4849215000000115e-05
3.485681000000012e-05
3.5244330000000115e-05
3.538888500000012e-05
3.538912000000012e-05
3.538935500000012e-05
3.5389590000000125e-05
3.538982500000013e-05
3.539006000000013e-05
3.5424675000000134e-05
3.543955000000013e-05
3.582707000000013e-05
3.597162500000013e-05
3.597186000000013e-05
3.5972095000000136e-05
3.597233000000014e-05
3.597256500000014e-05
3.5972800000000145e-05
3.597303500000015e-05
3.597327000000015e-05
3.597350500000015e-05
3.5973740000000156e-05
3.597397500000016e-05
3.597421000000016e-05
3.5974445000000165e-05
3.597468000000017e-05
3.6362200000000165e-05
3.650675500000017e-05
3.650699000000017e-05
3.650722500000017e-05
3.6507460000000176e-05
3.650769500000018e-05
3.692041500000018e-05
3.707937000000018e-05
3.707960500000018e-05
3.707984000000018e-05
3.7080075000000186e-05
3.708031000000019e-05
3.708054500000019e-05
3.7080780000000194e-05
3.70810150000002e-05
3.70812500000002e-05
3.70814850000002e-05
3.7081720000000206e-05
3.708195500000021e-05
3.708219000000021e-05
3.7082425000000214e-05
3.708266000000022e-05
3.708289500000022e-05
3.708313000000022e-05
3.7083365000000226e-05
3.708360000000023e-05
3.708383500000023e-05
3.7084070000000235e-05
3.708430500000024e-05
3.708454000000024e-05
3.708477500000024e-05
3.7085010000000246e-05
3.708524500000025e-05
3.715321500000025e-05
3.718977000000025e-05
3.719000500000025e-05
3.7190240000000255e-05
3.719047500000026e-05
3.719071000000026e-05
3.7190945000000264e-05
3.719118000000027e-05
3.719141500000027e-05
3.719165000000027e-05
3.7191885000000276e-05
3.719212000000028e-05
3.719235500000028e-05
3.7192590000000284e-05
3.719282500000029e-05
3.719306000000029e-05
3.719329500000029e-05
3.7193530000000296e-05
3.71937650000003e-05
3.71940000000003e-05
3.7194235000000304e-05
3.719447000000031e-05
3.719470500000031e-05
3.719494000000031e-05
3.7195175000000316e-05
3.719541000000032e-05
3.719564500000032e-05
3.721308500000032e-05
3.7220680000000325e-05
3.722091500000033e-05
3.722115000000033e-05
3.7221385000000333e-05
3.7221620000000336e-05
3.722185500000034e-05
3.722209000000034e-05
3.7222325000000345e-05
3.722256000000035e-05
3.722279500000035e-05
3.7223030000000354e-05
3.7223265000000357e-05
3.722350000000036e-05
3.722373500000036e-05
3.724125000000036e-05
3.724892500000036e-05
3.7249160000000366e-05
3.7266600000000366e-05
3.727419500000037e-05
3.727443000000037e-05
3.7274665000000374e-05
3.727490000000038e-05
3.727513500000038e-05
3.727537000000038e-05
3.7275605000000386e-05
3.727584000000039e-05
3.727607500000039e-05
3.7276310000000395e-05
3.72765450000004e-05
3.72767800000004e-05
3.72770150000004e-05
3.7277250000000406e-05
3.727748500000041e-05
3.727772000000041e-05
3.7277955000000415e-05
3.727819000000042e-05
3.727842500000042e-05
3.7278660000000423e-05
3.7278895000000426e-05
3.727913000000043e-05
3.727936500000043e-05
3.7279600000000435e-05
3.727983500000044e-05
3.728007000000044e-05
3.7280305000000444e-05
3.7487700000000444e-05
3.8192680000000444e-05
3.856811500000044e-05
3.8568350000000445e-05
3.856858500000045e-05
3.856882000000045e-05
3.8569055000000454e-05
3.856929000000046e-05
3.856952500000046e-05
3.856976000000046e-05
3.8569995000000466e-05
3.857023000000047e-05
3.858774500000047e-05
3.859542000000047e-05
3.859565500000047e-05
3.8595890000000475e-05
3.859612500000048e-05
3.859636000000048e-05
3.859659500000048e-05
3.8596830000000486e-05
3.859706500000049e-05
3.859730000000049e-05
3.8597535000000495e-05
3.85977700000005e-05
3.85980050000005e-05
3.8598240000000503e-05
3.8598475000000506e-05
3.859871000000051e-05
3.859894500000051e-05
3.8599180000000515e-05
3.859941500000052e-05
3.859965000000052e-05
3.8599885000000524e-05
3.8600120000000527e-05
3.860035500000053e-05
3.860059000000053e-05
3.8600825000000535e-05
3.860106000000054e-05
3.860129500000054e-05
3.8601530000000544e-05
3.860176500000055e-05
3.860200000000055e-05
3.898952000000055e-05
3.913407500000055e-05
3.913431000000055e-05
3.915182500000055e-05
3.915950000000055e-05
3.9159735000000555e-05
3.919427500000055e-05
3.920907000000055e-05
3.9209305000000553e-05
3.9209540000000556e-05
3.920977500000056e-05
3.921001000000056e-05
3.959753000000056e-05
3.974208500000056e-05
3.9742320000000564e-05
3.974255500000057e-05
3.974279000000057e-05
3.974302500000057e-05
3.9743260000000576e-05
3.974349500000058e-05
3.974373000000058e-05
3.9743965000000585e-05
3.974420000000059e-05
3.974443500000059e-05
3.974467000000059e-05
3.9744905000000596e-05
3.97451400000006e-05
3.97453750000006e-05
3.9745610000000605e-05
4.01331300000006e-05
4.0277685000000604e-05
4.027792000000061e-05
4.027815500000061e-05
4.027839000000061e-05
4.0278625000000616e-05
4.027886000000062e-05
4.027909500000062e-05
4.0279330000000625e-05
4.027956500000063e-05
4.027980000000063e-05
4.028003500000063e-05
4.0280270000000636e-05
4.028050500000064e-05
4.028074000000064e-05
4.0280975000000645e-05
4.028121000000065e-05
4.029865000000065e-05
4.030624500000065e-05
4.0306480000000654e-05
4.0306715000000656e-05
4.030695000000066e-05
4.030718500000066e-05
4.0307420000000665e-05
4.030765500000067e-05
4.030789000000067e-05
4.0308125000000674e-05
4.030836000000068e-05
4.030859500000068e-05
4.030883000000068e-05
4.0309065000000685e-05
4.030930000000069e-05
4.030953500000069e-05
4.0309770000000694e-05
4.03100050000007e-05
4.03102400000007e-05
4.03104750000007e-05
4.0310710000000706e-05
4.031094500000071e-05
4.031118000000071e-05
4.0311415000000714e-05
4.031165000000072e-05
4.031188500000072e-05
4.031212000000072e-05
4.0312355000000726e-05
4.031259000000073e-05
4.031282500000073e-05
4.0313060000000734e-05
4.031329500000074e-05
4.037309000000074e-05
4.040236500000074e-05
4.0402600000000744e-05
4.040283500000075e-05
4.040307000000075e-05
4.040330500000075e-05
4.0403540000000755e-05
4.040377500000076e-05
4.040401000000076e-05
4.0940985000000765e-05
4.118642000000076e-05
4.1186655000000766e-05
4.118689000000077e-05
4.118712500000077e-05
4.1246920000000774e-05
4.1311550000000775e-05
4.1348185000000776e-05
4.134842000000078e-05
4.134865500000078e-05
4.1348890000000785e-05
4.134912500000079e-05
4.134936000000079e-05
4.138390000000079e-05
4.1398695000000786e-05
4.139893000000079e-05
4.1827905000000786e-05
4.200134000000079e-05
4.200157500000079e-05
4.2001810000000795e-05
4.20020450000008e-05
4.20022800000008e-05
4.2002515000000804e-05
4.200275000000081e-05
4.200298500000081e-05
4.200322000000081e-05
4.204591500000081e-05
4.206799000000081e-05
4.206822500000081e-05
4.2068460000000816e-05
4.206869500000082e-05
4.206893000000082e-05
4.2069165000000825e-05
4.206940000000083e-05
4.206963500000083e-05
4.206987000000083e-05
4.2070105000000836e-05
4.2508025000000835e-05
4.268138000000083e-05
4.2681615000000836e-05
4.268185000000084e-05
4.268208500000084e-05
4.2682320000000845e-05
4.268255500000085e-05
4.268279000000085e-05
4.268302500000085e-05
4.2683260000000856e-05
4.268349500000086e-05
4.268373000000086e-05
4.2683965000000865e-05
4.268420000000087e-05
4.268443500000087e-05
4.2684670000000874e-05
4.2684905000000876e-05
4.268514000000088e-05
4.268537500000088e-05
4.2685610000000885e-05
4.2703125000000884e-05
4.2710800000000885e-05
4.271103500000089e-05
4.271127000000089e-05
4.2711505000000894e-05
4.27117400000009e-05
4.27119750000009e-05
4.27122100000009e-05
4.2712445000000906e-05
4.271268000000091e-05
4.271291500000091e-05
4.2713150000000914e-05
4.271338500000092e-05
4.271362000000092e-05
4.271385500000092e-05
4.2714090000000926e-05
4.271432500000093e-05
4.271456000000093e-05
4.2714795000000934e-05
4.271503000000094e-05
4.271526500000094e-05
4.271550000000094e-05
4.2715735000000946e-05
4.271597000000095e-05
4.271620500000095e-05
4.2716440000000955e-05
4.271667500000096e-05
4.271691000000096e-05
4.271714500000096e-05
4.2717380000000966e-05
4.271761500000097e-05
4.271785000000097e-05
4.2718085000000975e-05
4.271832000000098e-05
4.271855500000098e-05
4.2718790000000984e-05
4.2719025000000986e-05
4.271926000000099e-05
4.271949500000099e-05
4.2719730000000995e-05
4.2719965000001e-05
4.2720200000001e-05
4.2720435000001004e-05
4.272067000000101e-05
4.272090500000101e-05
4.272114000000101e-05
4.2721375000001015e-05
4.272161000000102e-05
4.272184500000102e-05
4.2722080000001024e-05
4.272231500000103e-05
4.272255000000103e-05
4.272278500000103e-05
4.2723020000001036e-05
4.272325500000104e-05
4.272349000000104e-05
4.2723725000001044e-05
4.272396000000105e-05
4.272419500000105e-05
4.279216500000105e-05
4.335516500000105e-05
4.361556000000105e-05
4.3615795000001053e-05
4.3616030000001056e-05
4.3650570000001053e-05
4.366536500000105e-05
4.410328500000105e-05
4.427664000000105e-05
4.429408000000105e-05
4.441273500000105e-05
4.447833000000105e-05
4.447856500000105e-05
4.4478800000001056e-05
4.4916720000001055e-05
4.509007500000105e-05
4.5090310000001055e-05
4.509054500000106e-05
4.509078000000106e-05
4.551975500000106e-05
4.569319000000106e-05
4.5693425000001064e-05
4.569366000000107e-05
4.6131580000001066e-05
4.6304935000001064e-05
4.630517000000107e-05
4.630540500000107e-05
4.630564000000107e-05
4.6305875000001076e-05
4.630611000000108e-05
4.630634500000108e-05
4.6306580000001084e-05
4.630681500000109e-05
4.630705000000109e-05
4.674497000000109e-05
4.763377000000109e-05
4.813896500000109e-05
4.813920000000109e-05
4.8139435000001095e-05
4.81396700000011e-05
4.81399050000011e-05
4.8140140000001104e-05
4.814037500000111e-05
4.814061000000111e-05
4.814084500000111e-05
4.8141080000001116e-05
4.814131500000112e-05
4.814155000000112e-05
4.8141785000001124e-05
4.814202000000113e-05
4.814225500000113e-05
4.814249000000113e-05
4.821038500000113e-05
4.824686000000113e-05
4.824709500000113e-05
4.8247330000001135e-05
4.8264770000001135e-05
4.827236500000114e-05
4.827260000000114e-05
4.8272835000001144e-05
4.827307000000115e-05
4.827330500000115e-05
4.827354000000115e-05
4.8273775000001155e-05
4.827401000000116e-05
4.832565000000116e-05
4.834764500000116e-05
4.834788000000116e-05
4.8348115000001165e-05
4.834835000000117e-05
4.834858500000117e-05
4.8348820000001174e-05
4.834905500000118e-05
4.834929000000118e-05
4.834952500000118e-05
4.8349760000001186e-05
4.834999500000119e-05
4.835023000000119e-05
4.8350465000001194e-05
4.83507000000012e-05
4.83509350000012e-05
4.83511700000012e-05
4.8351405000001206e-05
4.835164000000121e-05
4.835187500000121e-05
4.8352110000001214e-05
4.835234500000122e-05
4.835258000000122e-05
4.835281500000122e-05
4.8353050000001226e-05
4.835328500000123e-05
4.835352000000123e-05
4.8353755000001235e-05
4.835399000000124e-05
4.835422500000124e-05
4.835446000000124e-05
4.8354695000001246e-05
4.835493000000125e-05
4.835516500000125e-05
4.8355400000001255e-05
4.835563500000126e-05
4.835587000000126e-05
4.8356105000001264e-05
4.8356340000001266e-05
4.835657500000127e-05
4.835681000000127e-05
4.8357045000001275e-05
4.835728000000128e-05
4.837479500000128e-05
4.838247000000128e-05
4.838270500000128e-05
4.8382940000001284e-05
4.838317500000129e-05
4.838341000000129e-05
4.838364500000129e-05
4.8383880000001296e-05
4.83841150000013e-05
4.83843500000013e-05
4.8384585000001304e-05
4.838482000000131e-05
4.838505500000131e-05
4.838529000000131e-05
4.8385525000001316e-05
4.838576000000132e-05
4.838599500000132e-05
4.8386230000001324e-05
4.838646500000133e-05
4.838670000000133e-05
4.838693500000133e-05
4.8387170000001336e-05
4.838740500000134e-05
4.838764000000134e-05
4.8387875000001345e-05
4.838811000000135e-05
4.838834500000135e-05
4.838858000000135e-05
4.8388815000001356e-05
4.838905000000136e-05
4.838928500000136e-05
4.8389520000001365e-05
4.838975500000137e-05
4.838999000000137e-05
4.8390225000001374e-05
4.8390460000001376e-05
4.839069500000138e-05
4.839093000000138e-05
4.8391165000001385e-05
4.839140000000139e-05
4.839163500000139e-05
4.8391870000001394e-05
4.83921050000014e-05
4.83923400000014e-05
4.83925750000014e-05
4.8392810000001405e-05
4.839304500000141e-05
4.839328000000141e-05
4.8393515000001414e-05
4.839375000000142e-05
4.839398500000142e-05
4.839422000000142e-05
4.8394455000001426e-05
4.839469000000143e-05
4.839492500000143e-05
4.8395160000001434e-05
4.839539500000144e-05
4.839563000000144e-05
4.839586500000144e-05
4.8396100000001446e-05
4.839633500000145e-05
4.839657000000145e-05
4.8396805000001454e-05
4.839704000000146e-05
4.839727500000146e-05
4.839751000000146e-05
4.8397745000001466e-05
4.839798000000147e-05
4.839821500000147e-05
4.8398450000001475e-05
4.839868500000148e-05
4.839892000000148e-05
4.839915500000148e-05
4.8399390000001486e-05
4.839962500000149e-05
4.839986000000149e-05
4.8400095000001495e-05
4.84003300000015e-05
4.84005650000015e-05
4.8400800000001503e-05
4.8401035000001506e-05
4.840127000000151e-05
4.840150500000151e-05
4.8401740000001515e-05
4.840197500000152e-05
4.840221000000152e-05
4.8402445000001524e-05
4.8402680000001527e-05
4.840291500000153e-05
4.840315000000153e-05
4.8403385000001535e-05
4.840362000000154e-05
4.840385500000154e-05
4.8404090000001544e-05
4.840432500000155e-05
4.840456000000155e-05
4.840479500000155e-05
4.8405030000001555e-05
4.840526500000156e-05
4.840550000000156e-05
4.8405735000001564e-05
4.840597000000157e-05
4.840620500000157e-05
4.840644000000157e-05
4.8406675000001576e-05
4.840691000000158e-05
4.840714500000158e-05
4.8407380000001584e-05
4.840761500000159e-05
4.840785000000159e-05
4.840808500000159e-05
4.8408320000001596e-05
4.84085550000016e-05
4.84087900000016e-05
4.8409025000001605e-05
4.840926000000161e-05
4.840949500000161e-05
4.840973000000161e-05
4.8409965000001616e-05
4.841020000000162e-05
4.841043500000162e-05
4.8410670000001625e-05
4.841090500000163e-05
4.841114000000163e-05
4.841137500000163e-05
4.8411610000001636e-05
4.841184500000164e-05
4.841208000000164e-05
4.8412315000001645e-05
4.841255000000165e-05
4.841278500000165e-05
4.8413020000001654e-05
4.8413255000001656e-05
4.841349000000166e-05
4.841372500000166e-05
4.8413960000001665e-05
4.841419500000167e-05
4.841443000000167e-05
4.8414665000001674e-05
4.841490000000168e-05
4.841513500000168e-05
4.841537000000168e-05
4.8415605000001685e-05
4.841584000000169e-05
4.841607500000169e-05
4.8416310000001694e-05
4.880383000000169e-05
4.8948385000001693e-05
4.8948620000001696e-05
4.89488550000017e-05
4.89490900000017e-05
4.93366100000017e-05
4.94811650000017e-05
4.9481400000001705e-05
4.948163500000171e-05
4.948187000000171e-05
4.948210500000171e-05
4.9482340000001716e-05
4.948257500000172e-05
4.948281000000172e-05
4.9483045000001725e-05
4.948328000000173e-05
4.948351500000173e-05
4.948375000000173e-05
4.987127000000173e-05
5.001582500000173e-05
5.0016060000001736e-05
5.001629500000174e-05
5.001653000000174e-05
5.0016765000001744e-05
5.001700000000175e-05
5.001723500000175e-05
5.001747000000175e-05
5.0017705000001756e-05
5.0485455000001755e-05
5.068057000000176e-05
5.068080500000176e-05
5.068104000000176e-05
5.0681275000001766e-05
5.068151000000177e-05
5.068174500000177e-05
5.0681980000001774e-05
5.068221500000178e-05
5.068245000000178e-05
5.068268500000178e-05
5.0682920000001786e-05
5.068315500000179e-05
5.068339000000179e-05
5.0683625000001794e-05
5.06838600000018e-05
5.06840950000018e-05
5.06843300000018e-05
5.0684565000001806e-05
5.068480000000181e-05
5.068503500000181e-05
5.0685270000001815e-05
5.068550500000182e-05
5.068574000000182e-05
5.068597500000182e-05
5.0686210000001826e-05
5.068644500000183e-05
5.068668000000183e-05
5.0686915000001835e-05
5.068715000000184e-05
5.068738500000184e-05
5.087768000000184e-05
5.0986155000001836e-05
5.098639000000184e-05
5.098662500000184e-05
5.0986860000001845e-05
5.098709500000185e-05
5.098733000000185e-05
5.0987565000001854e-05
5.098780000000186e-05
5.098803500000186e-05
5.098827000000186e-05
5.0988505000001865e-05
5.104830000000187e-05
5.107757500000187e-05
5.107781000000187e-05
5.1078045000001875e-05
5.107828000000188e-05
5.107851500000188e-05
5.107875000000188e-05
5.1078985000001886e-05
5.107922000000189e-05
5.107945500000189e-05
5.1079690000001895e-05
5.10799250000019e-05
5.10801600000019e-05
5.1080395000001903e-05
5.1080630000001906e-05
5.108086500000191e-05
5.108110000000191e-05
5.1081335000001915e-05
5.108157000000192e-05
5.108180500000192e-05
5.1082040000001924e-05
5.1082275000001927e-05
5.108251000000193e-05
5.108274500000193e-05
5.1082980000001935e-05
5.108321500000194e-05
5.1470735000001935e-05
5.161529000000194e-05
5.161552500000194e-05
5.161576000000194e-05
5.1615995000001946e-05
5.161623000000195e-05
5.161646500000195e-05
5.1616700000001955e-05
5.167649500000196e-05
5.170577000000196e-05
5.170600500000196e-05
5.1706240000001964e-05
5.170647500000197e-05
5.170671000000197e-05
5.170694500000197e-05
5.1707180000001976e-05
5.170741500000198e-05
5.170765000000198e-05
5.1707885000001984e-05
5.170812000000199e-05
5.170835500000199e-05
5.170859000000199e-05
5.1708825000001996e-05
5.1709060000002e-05
5.1709295000002e-05
5.1709530000002005e-05
5.170976500000201e-05
5.171000000000201e-05
5.171023500000201e-05
5.1710470000002016e-05
5.171070500000202e-05
5.171094000000202e-05
5.1711175000002025e-05
5.171141000000203e-05
5.171164500000203e-05
5.1711880000002034e-05
5.1712115000002036e-05
5.171235000000204e-05
5.171258500000204e-05
5.1712820000002045e-05
5.171305500000205e-05
5.171329000000205e-05
5.1713525000002054e-05
5.171376000000206e-05
5.171399500000206e-05
5.171423000000206e-05
5.210175000000206e-05
5.224630500000206e-05
5.2246540000002065e-05
5.224677500000207e-05
5.224701000000207e-05
5.228970500000207e-05
5.231178000000207e-05
5.231201500000207e-05
5.2312250000002074e-05
5.231248500000208e-05
5.231272000000208e-05
5.231295500000208e-05
5.2313190000002086e-05
5.231342500000209e-05
5.231366000000209e-05
5.2313895000002094e-05
5.23141300000021e-05
5.23143650000021e-05
5.27522850000021e-05
5.29256400000021e-05
5.29258750000021e-05
5.29261100000021e-05
5.2926345000002106e-05
5.3339065000002104e-05
5.3498020000002104e-05
5.3515460000002104e-05
5.352305500000211e-05
5.352329000000211e-05
5.352352500000211e-05
5.396144500000211e-05
5.413480000000211e-05
5.452232000000211e-05
5.466687500000211e-05
5.466711000000211e-05
5.4667345000002115e-05
5.466758000000212e-05
5.466781500000212e-05
5.4668050000002124e-05
5.4668285000002126e-05
5.466852000000213e-05
5.466875500000213e-05
5.4668990000002135e-05
5.466922500000214e-05
5.466946000000214e-05
5.4669695000002144e-05
5.4669930000002147e-05
5.467016500000215e-05
5.467040000000215e-05
5.4670635000002155e-05
5.4688075000002156e-05
5.469567000000216e-05
5.469590500000216e-05
5.4696140000002164e-05
5.469637500000217e-05
5.469661000000217e-05
5.469684500000217e-05
5.4697080000002176e-05
5.469731500000218e-05
5.469755000000218e-05
5.511027000000218e-05
5.526922500000218e-05
5.526946000000218e-05
5.5269695000002185e-05
5.526993000000219e-05
5.527016500000219e-05
5.5270400000002194e-05
5.52706350000022e-05
5.52708700000022e-05
5.52711050000022e-05
5.5271340000002206e-05
5.527157500000221e-05
5.527181000000221e-05
5.5272045000002214e-05
5.527228000000222e-05
5.527251500000222e-05
5.527275000000222e-05
5.5272985000002226e-05
5.527322000000223e-05
5.527345500000223e-05
5.5273690000002234e-05
5.527392500000224e-05
5.527416000000224e-05
5.527439500000224e-05
5.5274630000002246e-05
5.527486500000225e-05
5.527510000000225e-05
5.534299500000225e-05
5.537947000000225e-05
5.537970500000225e-05
5.5379940000002254e-05
5.538017500000226e-05
5.538041000000226e-05
5.538064500000226e-05
5.5380880000002266e-05
5.538111500000227e-05
5.538135000000227e-05
5.5381585000002274e-05
5.538182000000228e-05
5.538205500000228e-05
5.538229000000228e-05
5.5382525000002286e-05
5.538276000000229e-05
5.538299500000229e-05
5.5383230000002294e-05
5.53834650000023e-05
5.53837000000023e-05
5.53839350000023e-05
5.5384170000002306e-05
5.538440500000231e-05
5.538464000000231e-05
5.5384875000002315e-05
5.538511000000232e-05
5.538534500000232e-05
5.538558000000232e-05
5.5385815000002326e-05
5.538605000000233e-05
5.538628500000233e-05
5.5386520000002335e-05
5.538675500000234e-05
5.538699000000234e-05
5.5387225000002344e-05
5.5387460000002346e-05
5.538769500000235e-05
5.538793000000235e-05
5.5388165000002355e-05
5.538840000000236e-05
5.538863500000236e-05
5.5388870000002364e-05
5.5389105000002367e-05
5.538934000000237e-05
5.538957500000237e-05
5.5389810000002375e-05
5.539004500000238e-05
5.539028000000238e-05
5.5390515000002384e-05
5.539075000000239e-05
5.539098500000239e-05
5.539122000000239e-05
5.5391455000002395e-05
5.53916900000024e-05
5.53919250000024e-05
5.5392160000002404e-05
5.5460055000002404e-05
5.560956500000241e-05
5.5718600000002404e-05
5.571883500000241e-05
5.571907000000241e-05
5.571930500000241e-05
5.5719540000002416e-05
5.571977500000242e-05
5.572001000000242e-05
5.5720245000002425e-05
5.572048000000243e-05
5.572071500000243e-05
5.572095000000243e-05
5.5721185000002436e-05
5.572142000000244e-05
5.572165500000244e-05
5.5721890000002445e-05
5.572212500000245e-05
5.572236000000245e-05
5.5722595000002453e-05
5.5722830000002456e-05
5.572306500000246e-05
5.572330000000246e-05
5.5723535000002465e-05
5.572377000000247e-05
5.572400500000247e-05
5.5724240000002474e-05
5.5724475000002477e-05
5.572471000000248e-05
5.572494500000248e-05
5.5725180000002485e-05
5.572541500000249e-05
5.572565000000249e-05
5.5725885000002494e-05
5.57261200000025e-05
5.5794015000002496e-05
5.583049000000249e-05
5.5830725000002496e-05
5.58309600000025e-05
5.58311950000025e-05
5.5831430000002505e-05
5.583166500000251e-05
5.583190000000251e-05
5.583213500000251e-05
5.5832370000002516e-05
5.583260500000252e-05
5.583284000000252e-05
5.5833075000002525e-05
5.583331000000253e-05
5.583354500000253e-05
5.5833780000002534e-05
5.5834015000002536e-05
5.583425000000254e-05
5.583448500000254e-05
5.5834720000002545e-05
5.583495500000255e-05
5.583519000000255e-05
5.5835425000002554e-05
5.583566000000256e-05
5.583589500000256e-05
5.583613000000256e-05
5.5836365000002565e-05
5.583660000000257e-05
5.583683500000257e-05
5.5837070000002574e-05
5.583730500000258e-05
5.583754000000258e-05
5.583777500000258e-05
5.5838010000002586e-05
5.583824500000259e-05
5.583848000000259e-05
5.5838715000002594e-05
5.58389500000026e-05
5.58391850000026e-05
5.58394200000026e-05
5.5839655000002606e-05
5.583989000000261e-05
5.584012500000261e-05
5.5840360000002614e-05
5.584059500000262e-05
5.584083000000262e-05
5.584106500000262e-05
5.5841300000002626e-05
5.584153500000263e-05
5.584177000000263e-05
5.5842005000002635e-05
5.584224000000264e-05
5.584247500000264e-05
5.584271000000264e-05
5.5842945000002646e-05
5.584318000000265e-05
5.584341500000265e-05
5.5843650000002655e-05
5.584388500000266e-05
5.584412000000266e-05
5.5844355000002663e-05
5.5844590000002666e-05
5.584482500000267e-05
5.584506000000267e-05
5.5845295000002675e-05
5.584553000000268e-05
5.584576500000268e-05
5.5846000000002684e-05
5.5846235000002687e-05
5.584647000000269e-05
5.584670500000269e-05
5.5846940000002695e-05
5.58471750000027e-05
5.58474100000027e-05
5.5847645000002704e-05
5.584788000000271e-05
5.584811500000271e-05
5.584835000000271e-05
5.5848585000002715e-05
5.584882000000272e-05
5.584905500000272e-05
5.5849290000002724e-05
5.584952500000273e-05
5.584976000000273e-05
5.584999500000273e-05
5.5850230000002736e-05
5.585046500000274e-05
5.585070000000274e-05
5.5850935000002744e-05
5.585117000000275e-05
5.585140500000275e-05
5.585164000000275e-05
5.5851875000002756e-05
5.585211000000276e-05
5.585234500000276e-05
5.5852580000002765e-05
5.6304075000002765e-05
5.6484710000002764e-05
5.6484945000002766e-05
5.648518000000277e-05
5.700595500000277e-05
5.723699000000277e-05
5.7237225000002775e-05
5.723746000000278e-05
5.723769500000278e-05
5.723793000000278e-05
5.7238165000002786e-05
5.723840000000279e-05
5.723863500000279e-05
5.7238870000002795e-05
5.72391050000028e-05
5.72393400000028e-05
5.7239575000002804e-05
5.7239810000002806e-05
5.724004500000281e-05
5.724028000000281e-05
5.7240515000002815e-05
5.724075000000282e-05
5.724098500000282e-05
5.7241220000002824e-05
5.724145500000283e-05
5.724169000000283e-05
5.724192500000283e-05
5.7242160000002835e-05
5.724239500000284e-05
5.724263000000284e-05
5.7242865000002844e-05
5.724310000000285e-05
5.724333500000285e-05
5.724357000000285e-05
5.7243805000002856e-05
5.724404000000286e-05
5.724427500000286e-05
5.7244510000002864e-05
5.724474500000287e-05
5.724498000000287e-05
5.724521500000287e-05
5.7245450000002876e-05
5.724568500000288e-05
5.724592000000288e-05
5.7246155000002884e-05
5.724639000000289e-05
5.7672685000002887e-05
5.783892000000289e-05
5.783915500000289e-05
5.783939000000289e-05
5.7839625000002896e-05
5.78398600000029e-05
5.78400950000029e-05
5.7840330000002905e-05
5.7857845000002904e-05
5.7865520000002905e-05
5.786575500000291e-05
5.786599000000291e-05
5.7866225000002914e-05
5.786646000000292e-05
5.786669500000292e-05
5.786693000000292e-05
5.829322500000292e-05
5.845946000000292e-05
5.8511100000002924e-05
5.8533095000002924e-05
5.853333000000293e-05
5.853356500000293e-05
5.853380000000293e-05
5.856834000000293e-05
5.858313500000293e-05
5.858337000000293e-05
5.8583605000002934e-05
5.858384000000294e-05
5.858407500000294e-05
5.861861500000294e-05
5.8633410000002935e-05
5.863364500000294e-05
5.863388000000294e-05
5.8634115000002944e-05
5.8634350000002946e-05
5.869422000000295e-05
5.872357500000295e-05
5.872381000000295e-05
5.872404500000295e-05
5.8724280000002956e-05
5.872451500000296e-05
5.872475000000296e-05
5.8724985000002965e-05
5.872522000000297e-05
5.872545500000297e-05
5.883565000000297e-05
5.8893725000002965e-05
5.893642000000296e-05
5.895849500000296e-05
5.8958730000002965e-05
5.895896500000297e-05
5.895920000000297e-05
5.8959435000002974e-05
5.895967000000298e-05
5.895990500000298e-05
5.896014000000298e-05
5.8960375000002985e-05
5.896061000000299e-05
5.896084500000299e-05
5.8961080000002994e-05
5.8961315000003e-05
5.8961550000003e-05
5.8961785000003e-05
5.8962020000003006e-05
5.896225500000301e-05
5.967570500000301e-05
6.003642000000301e-05
6.003665500000301e-05
6.0036890000003016e-05
6.003712500000302e-05
6.003736000000302e-05
6.0037595000003025e-05
6.003783000000303e-05
6.003806500000303e-05
6.005550500000303e-05
6.006310000000303e-05
6.0063335000003036e-05
6.006357000000304e-05
6.006380500000304e-05
6.0064040000003045e-05
6.006427500000305e-05
6.006451000000305e-05
6.0064745000003054e-05
6.0064980000003056e-05
6.006521500000306e-05
6.006545000000306e-05
6.0065685000003065e-05
6.0545060000003064e-05
6.074729500000306e-05
6.0747530000003066e-05
6.074776500000307e-05
6.074800000000307e-05
6.0748235000003074e-05
6.074847000000308e-05
6.074870500000308e-05
6.074894000000308e-05
6.0749175000003086e-05
6.074941000000309e-05
6.074964500000309e-05
6.0749880000003095e-05
6.07501150000031e-05
6.07503500000031e-05
6.07505850000031e-05
6.0750820000003106e-05
6.075105500000311e-05
6.075129000000311e-05
6.0751525000003115e-05
6.075176000000312e-05
6.075199500000312e-05
6.0752230000003123e-05
6.0752465000003126e-05
6.075270000000313e-05
6.075293500000313e-05
6.0753170000003135e-05
6.075340500000314e-05
6.075364000000314e-05
6.0753875000003144e-05
6.0754110000003147e-05
6.075434500000315e-05
6.075458000000315e-05
6.0754815000003155e-05
6.075505000000316e-05
6.075528500000316e-05
6.0755520000003164e-05
6.075575500000317e-05
6.0823650000003166e-05
6.091708000000316e-05
6.096811500000316e-05
6.0968350000003165e-05
6.096858500000317e-05
6.096882000000317e-05
6.0969055000003174e-05
6.0969290000003177e-05
6.096952500000318e-05
6.096976000000318e-05
6.0969995000003185e-05
6.097023000000319e-05
6.097046500000319e-05
6.0970700000003194e-05
6.09709350000032e-05
6.09711700000032e-05
6.09714050000032e-05
6.0971640000003205e-05
6.097187500000321e-05
6.097211000000321e-05
6.0972345000003214e-05
6.097258000000322e-05
6.097281500000322e-05
6.097305000000322e-05
6.0973285000003226e-05
6.097352000000323e-05
6.097375500000323e-05
6.0973990000003234e-05
6.097422500000324e-05
6.097446000000324e-05
6.097469500000324e-05
6.0974930000003246e-05
6.097516500000325e-05
6.097540000000325e-05
6.0975635000003254e-05
6.097587000000326e-05
6.097610500000326e-05
6.097634000000326e-05
6.0976575000003266e-05
6.097681000000327e-05
6.097704500000327e-05
6.0977280000003275e-05
6.097751500000328e-05
6.097775000000328e-05
6.097798500000328e-05
6.0978220000003286e-05
6.097845500000329e-05
6.097869000000329e-05
6.101323000000329e-05
6.102802500000329e-05
6.102826000000329e-05
6.102849500000329e-05
6.14664150000033e-05
6.16397700000033e-05
6.16400050000033e-05
6.16402400000033e-05
6.164047500000329e-05
6.164071000000329e-05
6.164094500000328e-05
6.164118000000328e-05
6.164141500000328e-05
6.164165000000327e-05
6.164188500000327e-05
6.164212000000326e-05
6.164235500000326e-05
6.164259000000326e-05
6.164282500000325e-05
6.164306000000325e-05
6.164329500000325e-05
6.164353000000324e-05
6.164376500000324e-05
6.164400000000323e-05
6.164423500000323e-05
6.164447000000323e-05
6.164470500000322e-05
6.164494000000322e-05
6.164517500000321e-05
6.164541000000321e-05
6.16456450000032e-05
6.16458800000032e-05
6.16461150000032e-05
6.16463500000032e-05
6.164658500000319e-05
6.164682000000319e-05
6.164705500000318e-05
6.164729000000318e-05
6.164752500000318e-05
6.164776000000317e-05
6.164799500000317e-05
6.164823000000316e-05
6.164846500000316e-05
6.164870000000316e-05
6.164893500000315e-05
6.164917000000315e-05
6.164940500000314e-05
6.164964000000314e-05
6.217041500000314e-05
6.240145000000314e-05
6.240168500000313e-05
6.240192000000313e-05
6.240215500000312e-05
6.240239000000312e-05
6.240262500000312e-05
6.240286000000311e-05
6.240309500000311e-05
6.24033300000031e-05
6.24035650000031e-05
6.24038000000031e-05
6.24040350000031e-05
6.240427000000309e-05
6.240450500000309e-05
6.240474000000308e-05
6.240497500000308e-05
6.240521000000307e-05
6.240544500000307e-05
6.240568000000307e-05
6.240591500000306e-05
6.240615000000306e-05
6.283244500000306e-05
6.299868000000305e-05
6.299891500000305e-05
6.299915000000304e-05
6.299938500000304e-05
6.299962000000304e-05
6.299985500000303e-05
6.300009000000303e-05
6.300032500000302e-05
6.300056000000302e-05
6.300079500000302e-05
6.300103000000301e-05
6.300126500000301e-05
6.3001500000003e-05
6.3001735000003e-05
6.3001970000003e-05
6.3002205000003e-05
6.300244000000299e-05
6.300267500000299e-05
6.300291000000298e-05
6.300314500000298e-05
6.300338000000297e-05
6.300361500000297e-05
6.300385000000297e-05
6.300408500000296e-05
6.300432000000296e-05
6.302176000000296e-05
6.302935500000295e-05
6.302959000000295e-05
6.302982500000295e-05
6.303006000000294e-05
6.303029500000294e-05
6.303053000000294e-05
6.303076500000293e-05
6.303100000000293e-05
6.303123500000292e-05
6.303147000000292e-05
6.303170500000292e-05
6.303194000000291e-05
6.303217500000291e-05
6.304961500000291e-05
6.30572100000029e-05
6.30574450000029e-05
6.30576800000029e-05
6.305791500000289e-05
6.305815000000289e-05
6.305838500000288e-05
6.305862000000288e-05
6.305885500000288e-05
6.305909000000287e-05
6.305932500000287e-05
6.305956000000287e-05
6.305979500000286e-05
6.306003000000286e-05
6.306026500000285e-05
6.306050000000285e-05
6.306073500000285e-05
6.306097000000284e-05
6.306120500000284e-05
6.306144000000283e-05
6.306167500000283e-05
6.306191000000283e-05
6.306214500000282e-05
6.306238000000282e-05
6.306261500000281e-05
6.306285000000281e-05
6.306308500000281e-05
6.30633200000028e-05
6.30635550000028e-05
6.30637900000028e-05
6.306402500000279e-05
6.306426000000279e-05
6.306449500000278e-05
6.306473000000278e-05
6.306496500000278e-05
6.306520000000277e-05
6.306543500000277e-05
6.306567000000276e-05
6.306590500000276e-05
6.306614000000276e-05
6.306637500000275e-05
6.306661000000275e-05
6.306684500000274e-05
6.306708000000274e-05
6.306731500000274e-05
6.306755000000273e-05
6.306778500000273e-05
6.306802000000273e-05
6.306825500000272e-05
6.306849000000272e-05
6.306872500000271e-05
6.306896000000271e-05
6.30691950000027e-05
6.30694300000027e-05
6.30696650000027e-05
6.30699000000027e-05
6.307013500000269e-05
6.313810500000269e-05
6.317466000000269e-05
6.317489500000269e-05
6.317513000000268e-05
6.317536500000268e-05
6.317560000000268e-05
6.317583500000267e-05
6.317607000000267e-05
6.317630500000266e-05
6.317654000000266e-05
6.317677500000266e-05
6.340937000000266e-05
6.353944500000266e-05
6.353968000000265e-05
6.353991500000265e-05
6.354015000000264e-05
6.354038500000264e-05
6.354062000000264e-05
6.354085500000263e-05
6.354109000000263e-05
6.354132500000263e-05
6.354156000000262e-05
6.354179500000262e-05
6.354203000000261e-05
6.354226500000261e-05
6.35425000000026e-05
6.35427350000026e-05
6.35429700000026e-05
6.35432050000026e-05
6.354344000000259e-05
6.354367500000259e-05
6.354391000000258e-05
6.354414500000258e-05
6.354438000000257e-05
6.354461500000257e-05
6.354485000000257e-05
6.354508500000256e-05
6.354532000000256e-05
6.356283500000256e-05
6.357051000000256e-05
6.357074500000256e-05
6.357098000000255e-05
6.357121500000255e-05
6.357145000000254e-05
6.357168500000254e-05
6.357192000000254e-05
6.357215500000253e-05
6.357239000000253e-05
6.357262500000252e-05
6.357286000000252e-05
6.357309500000252e-05
6.357333000000251e-05
6.357356500000251e-05
6.35738000000025e-05
6.35740350000025e-05
6.35742700000025e-05
6.35745050000025e-05
6.357474000000249e-05
6.357497500000249e-05
6.357521000000248e-05
6.357544500000248e-05
6.357568000000247e-05
6.357591500000247e-05
6.357615000000247e-05
6.357638500000246e-05
6.357662000000246e-05
6.357685500000245e-05
6.357709000000245e-05
6.357732500000245e-05
6.357756000000244e-05
6.357779500000244e-05
6.357803000000243e-05
6.357826500000243e-05
6.357850000000243e-05
6.357873500000242e-05
6.357897000000242e-05
6.357920500000242e-05
6.357944000000241e-05
6.357967500000241e-05
6.35799100000024e-05
6.35801450000024e-05
6.35803800000024e-05
6.358061500000239e-05
6.358085000000239e-05
6.358108500000238e-05
6.358132000000238e-05
6.358155500000238e-05
6.358179000000237e-05
6.358202500000237e-05
6.359954000000237e-05
6.360721500000237e-05
6.360745000000237e-05
6.360768500000236e-05
6.360792000000236e-05
6.360815500000235e-05
6.360839000000235e-05
6.360862500000235e-05
6.360886000000234e-05
6.360909500000234e-05
6.360933000000233e-05
6.360956500000233e-05
6.360980000000233e-05
6.361003500000232e-05
6.361027000000232e-05
6.361050500000231e-05
6.367030000000232e-05
6.369957500000231e-05
6.369981000000231e-05
6.37000450000023e-05
6.37002800000023e-05
6.37005150000023e-05
6.370075000000229e-05
6.370098500000229e-05
6.370122000000228e-05
6.370145500000228e-05
6.370169000000228e-05
6.370192500000227e-05
6.370216000000227e-05
6.370239500000226e-05
6.370263000000226e-05
6.370286500000226e-05
6.370310000000225e-05
6.370333500000225e-05
6.370357000000225e-05
6.370380500000224e-05
6.370404000000224e-05
6.370427500000223e-05
6.370451000000223e-05
6.370474500000223e-05
6.370498000000222e-05
6.370521500000222e-05
6.372265500000222e-05
6.373025000000221e-05
6.373048500000221e-05
6.37307200000022e-05
6.37309550000022e-05
6.37311900000022e-05
6.37314250000022e-05
6.373166000000219e-05
6.373189500000219e-05
6.373213000000218e-05
6.373236500000218e-05
6.373260000000218e-05
6.373283500000217e-05
6.373307000000217e-05
6.373330500000216e-05
6.373354000000216e-05
6.373377500000216e-05
6.373401000000215e-05
6.373424500000215e-05
6.373448000000214e-05
6.376902000000215e-05
6.378381500000215e-05
6.378405000000214e-05
6.378428500000214e-05
6.378452000000213e-05
6.378475500000213e-05
6.378499000000213e-05
6.378522500000212e-05
6.378546000000212e-05
6.378569500000212e-05
6.378593000000211e-05
6.378616500000211e-05
6.37864000000021e-05
6.37866350000021e-05
6.37868700000021e-05
6.378710500000209e-05
6.378734000000209e-05
6.378757500000208e-05
6.378781000000208e-05
6.378804500000208e-05
6.378828000000207e-05
6.378851500000207e-05
6.378875000000206e-05
6.378898500000206e-05
6.378922000000206e-05
6.378945500000205e-05
6.378969000000205e-05
6.378992500000205e-05
6.379016000000204e-05
6.379039500000204e-05
6.379063000000203e-05
6.379086500000203e-05
6.379110000000203e-05
6.379133500000202e-05
6.379157000000202e-05
6.379180500000201e-05
6.379204000000201e-05
6.3792275000002e-05
6.3792510000002e-05
6.3792745000002e-05
6.3792980000002e-05
6.379321500000199e-05
6.379345000000199e-05
6.379368500000198e-05
6.379392000000198e-05
6.379415500000198e-05
6.379439000000197e-05
6.379462500000197e-05
6.379486000000196e-05
6.379509500000196e-05
6.382963500000196e-05
6.384443000000196e-05
6.384466500000196e-05
6.384490000000195e-05
6.384513500000195e-05
6.384537000000195e-05
6.384560500000194e-05
6.384584000000194e-05
6.384607500000193e-05
6.384631000000193e-05
6.384654500000193e-05
6.384678000000192e-05
6.384701500000192e-05
6.384725000000192e-05
6.384748500000191e-05
6.384772000000191e-05
6.38479550000019e-05
6.38481900000019e-05
6.38484250000019e-05
6.384866000000189e-05
6.384889500000189e-05
6.384913000000188e-05
6.384936500000188e-05
6.384960000000188e-05
6.384983500000187e-05
6.385007000000187e-05
6.385030500000186e-05
6.385054000000186e-05
6.385077500000186e-05
6.385101000000185e-05
6.385124500000185e-05
6.385148000000185e-05
6.385171500000184e-05
6.385195000000184e-05
6.385218500000183e-05
6.385242000000183e-05
6.385265500000183e-05
6.385289000000182e-05
6.385312500000182e-05
6.385336000000181e-05
6.385359500000181e-05
6.38538300000018e-05
6.38540650000018e-05
6.38543000000018e-05
6.38545350000018e-05
6.385477000000179e-05
6.385500500000179e-05
6.385524000000178e-05
6.385547500000178e-05
6.385571000000178e-05
6.385594500000177e-05
6.385618000000177e-05
6.385641500000176e-05
6.385665000000176e-05
6.385688500000176e-05
6.385712000000175e-05
6.385735500000175e-05
6.385759000000174e-05
6.385782500000174e-05
6.385806000000174e-05
6.385829500000173e-05
6.385853000000173e-05
6.385876500000172e-05
6.385900000000172e-05
6.385923500000172e-05
6.385947000000171e-05
6.385970500000171e-05
6.38599400000017e-05
6.38601750000017e-05
6.38604100000017e-05
6.38606450000017e-05
6.386088000000169e-05
6.386111500000169e-05
6.386135000000168e-05
6.386158500000168e-05
6.386182000000167e-05
6.386205500000167e-05
6.386229000000167e-05
6.386252500000166e-05
6.386276000000166e-05
6.386299500000165e-05
6.386323000000165e-05
6.386346500000165e-05
6.386370000000164e-05
6.386393500000164e-05
6.386417000000164e-05
6.386440500000163e-05
6.386464000000163e-05
6.386487500000162e-05
6.386511000000162e-05
6.386534500000162e-05
6.386558000000161e-05
6.386581500000161e-05
6.38660500000016e-05
6.38662850000016e-05
6.38665200000016e-05
6.386675500000159e-05
6.386699000000159e-05
6.386722500000158e-05
6.386746000000158e-05
6.386769500000158e-05
6.386793000000157e-05
6.386816500000157e-05
6.386840000000157e-05
6.386863500000156e-05
6.386887000000156e-05
6.386910500000155e-05
6.386934000000155e-05
6.386957500000155e-05
6.386981000000154e-05
6.387004500000154e-05
6.387028000000153e-05
6.387051500000153e-05
6.387075000000153e-05
6.387098500000152e-05
6.387122000000152e-05
6.387145500000151e-05
6.387169000000151e-05
6.387192500000151e-05
6.38721600000015e-05
6.38723950000015e-05
6.38726300000015e-05
6.387286500000149e-05
6.387310000000149e-05
6.387333500000148e-05
6.387357000000148e-05
6.387380500000148e-05
6.387404000000147e-05
6.387427500000147e-05
6.387451000000146e-05
6.387474500000146e-05
6.387498000000146e-05
6.387521500000145e-05
6.387545000000145e-05
6.387568500000144e-05
6.387592000000144e-05
6.387615500000144e-05
6.387639000000143e-05
6.387662500000143e-05
6.387686000000143e-05
6.389430000000143e-05
6.390189500000142e-05
6.390213000000142e-05
6.390236500000141e-05
6.390260000000141e-05
6.39028350000014e-05
6.39030700000014e-05
6.39033050000014e-05
6.39035400000014e-05
6.390377500000139e-05
6.390401000000139e-05
6.390424500000138e-05
6.390448000000138e-05
6.390471500000137e-05
6.390495000000137e-05
6.390518500000137e-05
6.390542000000136e-05
6.390565500000136e-05
6.390589000000136e-05
6.390612500000135e-05
6.390636000000135e-05
6.390659500000134e-05
6.390683000000134e-05
6.390706500000134e-05
6.390730000000133e-05
6.390753500000133e-05
6.390777000000132e-05
6.390800500000132e-05
6.390824000000132e-05
6.390847500000131e-05
6.390871000000131e-05
6.39089450000013e-05
6.39091800000013e-05
6.39094150000013e-05
6.390965000000129e-05
6.390988500000129e-05
6.391012000000129e-05
6.391035500000128e-05
6.391059000000128e-05
6.391082500000127e-05
6.394536500000128e-05
6.396016000000128e-05
6.396039500000127e-05
6.396063000000127e-05
6.396086500000126e-05
6.396110000000126e-05
6.396133500000126e-05
6.396157000000125e-05
6.396180500000125e-05
6.396204000000124e-05
6.396227500000124e-05
6.396251000000124e-05
6.396274500000123e-05
6.396298000000123e-05
6.396321500000123e-05
6.396345000000122e-05
6.396368500000122e-05
6.396392000000121e-05
6.396415500000121e-05
6.39643900000012e-05
6.39646250000012e-05
6.39648600000012e-05
6.39650950000012e-05
6.396533000000119e-05
6.396556500000119e-05
6.396580000000118e-05
6.396603500000118e-05
6.396627000000117e-05
6.396650500000117e-05
6.396674000000117e-05
6.396697500000116e-05
6.396721000000116e-05
6.396744500000116e-05
6.396768000000115e-05
6.396791500000115e-05
6.396815000000114e-05
6.396838500000114e-05
6.402825500000114e-05
6.405761000000114e-05
6.405784500000114e-05
6.405808000000113e-05
6.405831500000113e-05
6.405855000000112e-05
6.405878500000112e-05
6.405902000000112e-05
6.405925500000111e-05
6.405949000000111e-05
6.40597250000011e-05
6.40599600000011e-05
6.40601950000011e-05
6.40604300000011e-05
6.406066500000109e-05
6.406090000000109e-05
6.406113500000108e-05
6.406137000000108e-05
6.406160500000107e-05
6.406184000000107e-05
6.406207500000107e-05
6.406231000000106e-05
6.406254500000106e-05
6.406278000000105e-05
6.406301500000105e-05
6.406325000000105e-05
6.406348500000104e-05
6.406372000000104e-05
6.406395500000104e-05
6.406419000000103e-05
6.406442500000103e-05
6.406466000000102e-05
6.409920000000103e-05
6.411399500000103e-05
6.450151500000103e-05
6.464607000000103e-05
6.464630500000102e-05
6.464654000000102e-05
6.464677500000101e-05
6.464701000000101e-05
6.4647245000001e-05
6.4647480000001e-05
6.4647715000001e-05
6.4647950000001e-05
6.464818500000099e-05
6.464842000000099e-05
6.464865500000098e-05
6.464889000000098e-05
6.464912500000097e-05
6.464936000000097e-05
6.464959500000097e-05
6.464983000000096e-05
6.465006500000096e-05
6.465030000000096e-05
6.465053500000095e-05
6.465077000000095e-05
6.465100500000094e-05
6.465124000000094e-05
6.466868000000094e-05
6.467627500000094e-05
6.467651000000093e-05
6.467674500000093e-05
6.467698000000092e-05
6.508970000000093e-05
6.524865500000093e-05
6.524889000000093e-05
6.524912500000092e-05
6.524936000000092e-05
6.524959500000091e-05
6.524983000000091e-05
6.52500650000009e-05
6.52503000000009e-05
6.52505350000009e-05
6.52507700000009e-05
6.525100500000089e-05
6.525124000000089e-05
6.525147500000088e-05
6.525171000000088e-05
6.525194500000088e-05
6.526946000000087e-05
6.527713500000088e-05
6.527737000000087e-05
6.527760500000087e-05
6.527784000000086e-05
6.527807500000086e-05
6.527831000000086e-05
6.603316000000086e-05
6.642267500000086e-05
6.642291000000086e-05
6.642314500000085e-05
6.642338000000085e-05
6.682447500000085e-05
6.697631000000085e-05
6.697654500000085e-05
6.697678000000084e-05
6.697701500000084e-05
6.697725000000084e-05
6.701179000000084e-05
6.702658500000084e-05
6.702682000000083e-05
6.702705500000083e-05
6.702729000000083e-05
6.702752500000082e-05
6.702776000000082e-05
6.702799500000082e-05
6.702823000000081e-05
6.702846500000081e-05
6.70287000000008e-05
6.70461400000008e-05
6.70537350000008e-05
6.70539700000008e-05
6.705420500000079e-05
6.705444000000079e-05
6.705467500000078e-05
6.705491000000078e-05
6.705514500000078e-05
6.705538000000077e-05
6.705561500000077e-05
6.705585000000077e-05
6.705608500000076e-05
6.705632000000076e-05
6.705655500000075e-05
6.705679000000075e-05
6.705702500000075e-05
6.705726000000074e-05
6.705749500000074e-05
6.705773000000073e-05
6.705796500000073e-05
6.705820000000073e-05
6.705843500000072e-05
6.705867000000072e-05
6.705890500000071e-05
6.705914000000071e-05
6.70593750000007e-05
6.70596100000007e-05
6.70598450000007e-05
6.70600800000007e-05
6.706031500000069e-05
6.752343500000068e-05
6.771119000000068e-05
6.771142500000068e-05
6.771166000000067e-05
6.771189500000067e-05
6.771213000000066e-05
6.778010000000066e-05
6.781665500000067e-05
6.781689000000066e-05
6.781712500000066e-05
6.787699500000066e-05
6.790635000000066e-05
6.790658500000065e-05
6.790682000000065e-05
6.790705500000065e-05
6.790729000000064e-05
6.790752500000064e-05
6.790776000000063e-05
6.790799500000063e-05
6.790823000000063e-05
6.790846500000062e-05
6.797636000000062e-05
6.801283500000062e-05
6.801307000000062e-05
6.801330500000061e-05
6.801354000000061e-05
6.80137750000006e-05
6.80140100000006e-05
6.80142450000006e-05
6.801448000000059e-05
6.801471500000059e-05
6.801495000000058e-05
6.801518500000058e-05
6.801542000000058e-05
6.801565500000057e-05
6.801589000000057e-05
6.801612500000057e-05
6.801636000000056e-05
6.801659500000056e-05
6.801683000000055e-05
6.801706500000055e-05
6.801730000000055e-05
6.801753500000054e-05
6.801777000000054e-05
6.801800500000053e-05
6.801824000000053e-05
6.801847500000053e-05
6.801871000000052e-05
6.801894500000052e-05
6.801918000000051e-05
6.801941500000051e-05
6.80196500000005e-05
6.80198850000005e-05
6.80201200000005e-05
6.80203550000005e-05
6.80548950000005e-05
6.80696900000005e-05
6.80699250000005e-05
6.807016000000049e-05
6.807039500000049e-05
6.807063000000048e-05
6.807086500000048e-05
6.807110000000047e-05
6.807133500000047e-05
6.807157000000047e-05
6.807180500000046e-05
6.807204000000046e-05
6.807227500000045e-05
6.807251000000045e-05
6.807274500000045e-05
6.807298000000044e-05
6.807321500000044e-05
6.807345000000043e-05
6.807368500000043e-05
6.807392000000043e-05
6.807415500000042e-05
6.807439000000042e-05
6.807462500000042e-05
6.807486000000041e-05
6.807509500000041e-05
6.80753300000004e-05
6.80755650000004e-05
6.80758000000004e-05
6.807603500000039e-05
6.807627000000039e-05
6.807650500000038e-05
6.807674000000038e-05
6.807697500000038e-05
6.807721000000037e-05
6.807744500000037e-05
6.807768000000036e-05
6.807791500000036e-05
6.807815000000036e-05
6.807838500000035e-05
6.807862000000035e-05
6.807885500000035e-05
6.807909000000034e-05
6.807932500000034e-05
6.807956000000033e-05
6.807979500000033e-05
6.808003000000033e-05
6.808026500000032e-05
6.808050000000032e-05
6.808073500000031e-05
6.808097000000031e-05
6.80812050000003e-05
6.80814400000003e-05
6.80816750000003e-05
6.80819100000003e-05
6.808214500000029e-05
6.808238000000029e-05
6.808261500000028e-05
6.808285000000028e-05
6.808308500000028e-05
6.808332000000027e-05
6.808355500000027e-05
6.808379000000026e-05
6.808402500000026e-05
6.808426000000026e-05
6.808449500000025e-05
6.808473000000025e-05
6.808496500000024e-05
6.808520000000024e-05
6.808543500000024e-05
6.808567000000023e-05
6.808590500000023e-05
6.808614000000022e-05
6.808637500000022e-05
6.808661000000022e-05
6.808684500000021e-05
6.808708000000021e-05
6.80873150000002e-05
6.80875500000002e-05
6.80877850000002e-05
6.80880200000002e-05
6.808825500000019e-05
6.808849000000019e-05
6.808872500000018e-05
6.808896000000018e-05
6.808919500000017e-05
6.808943000000017e-05
6.808966500000017e-05
6.808990000000016e-05
6.809013500000016e-05
6.809037000000015e-05
6.809060500000015e-05
6.809084000000015e-05
6.809107500000014e-05
6.809131000000014e-05
6.809154500000014e-05
6.809178000000013e-05
6.809201500000013e-05
6.809225000000012e-05
6.809248500000012e-05
6.865203500000012e-05
6.890475000000012e-05
6.890498500000012e-05
6.890522000000012e-05
6.890545500000011e-05
6.890569000000011e-05
6.897358500000011e-05
6.90100600000001e-05
6.90446750000001e-05
6.905955000000011e-05
6.90597850000001e-05
6.90600200000001e-05
6.90602550000001e-05
6.90604900000001e-05
6.906072500000009e-05
6.906096000000009e-05
6.906119500000008e-05
6.906143000000008e-05
6.906166500000008e-05
6.906190000000007e-05
6.906213500000007e-05
6.906237000000006e-05
6.906260500000006e-05
6.906284000000006e-05
6.906307500000005e-05
6.906331000000005e-05
6.906354500000004e-05
6.906378000000004e-05
6.906401500000004e-05
6.906425000000003e-05
6.906448500000003e-05
6.906472000000002e-05
6.906495500000002e-05
6.906519000000002e-05
6.906542500000001e-05
6.906566000000001e-05
6.9065895e-05
6.906613e-05
6.9542825e-05
6.973786e-05
6.9738095e-05
6.973833e-05
6.9738565e-05
6.973879999999999e-05
6.973903499999999e-05
6.973926999999998e-05
6.982426499999999e-05
6.986793999999998e-05
6.986817499999998e-05
6.986840999999998e-05
6.986864499999997e-05
6.986887999999997e-05
6.986911499999997e-05
6.986934999999996e-05
6.986958499999996e-05
6.986981999999995e-05
6.987005499999995e-05
6.987028999999995e-05
6.987052499999994e-05
6.987075999999994e-05
6.987099499999993e-05
6.987122999999993e-05
6.987146499999993e-05
6.987169999999992e-05
6.987193499999992e-05
6.987216999999991e-05
6.987240499999991e-05
6.987263999999991e-05
6.98728749999999e-05
6.98731099999999e-05
6.98733449999999e-05
6.987357999999989e-05
6.987381499999989e-05
6.987404999999988e-05
6.987428499999988e-05
6.987451999999988e-05
6.987475499999987e-05
6.987498999999987e-05
6.987522499999986e-05
6.987545999999986e-05
6.987569499999986e-05
6.987592999999985e-05
6.987616499999985e-05
6.987639999999984e-05
6.987663499999984e-05
6.987686999999984e-05
6.987710499999983e-05
6.987733999999983e-05
6.987757499999983e-05
6.987780999999982e-05
6.987804499999982e-05
6.987827999999981e-05
6.987851499999981e-05
6.98787499999998e-05
6.98789849999998e-05
6.98792199999998e-05
6.98794549999998e-05
6.987968999999979e-05
6.987992499999979e-05
6.988015999999978e-05
6.988039499999978e-05
6.988062999999977e-05
6.988086499999977e-05
6.988109999999977e-05
6.988133499999976e-05
6.988156999999976e-05
6.988180499999976e-05
6.988203999999975e-05
6.988227499999975e-05
6.988250999999974e-05
6.988274499999974e-05
6.988297999999974e-05
6.988321499999973e-05
6.988344999999973e-05
6.988368499999972e-05
6.988391999999972e-05
6.988415499999972e-05
6.988438999999971e-05
6.988462499999971e-05
6.98848599999997e-05
6.98850949999997e-05
6.98853299999997e-05
6.988556499999969e-05
6.988579999999969e-05
6.988603499999969e-05
6.988626999999968e-05
6.988650499999968e-05
6.988673999999967e-05
6.988697499999967e-05
6.988720999999967e-05
6.988744499999966e-05
6.988767999999966e-05
6.988791499999965e-05
6.988814999999965e-05
6.988838499999965e-05
6.988861999999964e-05
6.988885499999964e-05
6.988908999999963e-05
6.988932499999963e-05
6.988955999999963e-05
6.988979499999962e-05
6.989002999999962e-05
6.989026499999962e-05
6.989049999999961e-05
6.989073499999961e-05
6.98909699999996e-05
6.98912049999996e-05
6.99428449999996e-05
6.99648399999996e-05
6.996507499999959e-05
6.996530999999959e-05
6.996554499999958e-05
6.996577999999958e-05
7.037849999999958e-05
7.053745499999958e-05
7.057199499999959e-05
7.058678999999959e-05
7.058702499999958e-05
7.058725999999958e-05
7.058749499999957e-05
7.058772999999957e-05
7.058796499999957e-05
7.058819999999956e-05
7.058843499999956e-05
7.058866999999955e-05
7.058890499999955e-05
7.058913999999955e-05
7.058937499999954e-05
7.058960999999954e-05
7.058984499999954e-05
7.059007999999953e-05
7.059031499999953e-05
7.059054999999952e-05
7.059078499999952e-05
7.059101999999952e-05
7.059125499999951e-05
7.059148999999951e-05
7.05917249999995e-05
7.05919599999995e-05
7.05921949999995e-05
7.059242999999949e-05
7.059266499999949e-05
7.059289999999948e-05
7.059313499999948e-05
7.059336999999948e-05
7.059360499999947e-05
7.059383999999947e-05
7.059407499999947e-05
7.059430999999946e-05
7.059454499999946e-05
7.059477999999945e-05
7.059501499999945e-05
7.059524999999945e-05
7.059548499999944e-05
7.059571999999944e-05
7.059595499999943e-05
7.059618999999943e-05
7.059642499999943e-05
7.059665999999942e-05
7.059689499999942e-05
7.059712999999941e-05
7.059736499999941e-05
7.059759999999941e-05
7.05978349999994e-05
7.05980699999994e-05
7.05983049999994e-05
7.059853999999939e-05
7.059877499999939e-05
7.059900999999938e-05
7.059924499999938e-05
7.059947999999938e-05
7.059971499999937e-05
7.059994999999937e-05
7.060018499999936e-05
7.060041999999936e-05
7.060065499999936e-05
7.060088999999935e-05
7.060112499999935e-05
7.060135999999934e-05
7.060159499999934e-05
7.060182999999934e-05
7.060206499999933e-05
7.060229999999933e-05
7.060253499999933e-05
7.060276999999932e-05
7.060300499999932e-05
7.060323999999931e-05
7.060347499999931e-05
7.06037099999993e-05
7.06039449999993e-05
7.06041799999993e-05
7.06044149999993e-05
7.060464999999929e-05
7.060488499999929e-05
7.060511999999928e-05
7.060535499999928e-05
7.060558999999927e-05
7.060582499999927e-05
7.060605999999927e-05
7.060629499999926e-05
7.060652999999926e-05
7.060676499999926e-05
7.060699999999925e-05
7.060723499999925e-05
7.060746999999924e-05
7.060770499999924e-05
7.060793999999924e-05
7.060817499999923e-05
7.060840999999923e-05
7.060864499999922e-05
7.060887999999922e-05
7.060911499999922e-05
7.060934999999921e-05
7.060958499999921e-05
7.06098199999992e-05
7.06100549999992e-05
7.06102899999992e-05
7.061052499999919e-05
7.061075999999919e-05
7.061099499999919e-05
7.061122999999918e-05
7.061146499999918e-05
7.061169999999917e-05
7.061193499999917e-05
7.061216999999917e-05
7.061240499999916e-05
7.061263999999916e-05
7.061287499999915e-05
7.061310999999915e-05
7.061334499999915e-05
7.061357999999914e-05
7.061381499999914e-05
7.061404999999913e-05
7.061428499999913e-05
7.061451999999913e-05
7.061475499999912e-05
7.061498999999912e-05
7.061522499999912e-05
7.061545999999911e-05
7.061569499999911e-05
7.06159299999991e-05
7.06161649999991e-05
7.06163999999991e-05
7.061663499999909e-05
7.061686999999909e-05
7.061710499999908e-05
7.061733999999908e-05
7.061757499999908e-05
7.061780999999907e-05
7.075320499999908e-05
7.082567999999907e-05
7.082591499999907e-05
7.082614999999906e-05
7.082638499999906e-05
7.082661999999906e-05
7.082685499999905e-05
7.082708999999905e-05
7.082732499999904e-05
7.082755999999904e-05
7.082779499999904e-05
7.082802999999903e-05
7.082826499999903e-05
7.082849999999903e-05
7.082873499999902e-05
7.084624999999902e-05
7.085392499999902e-05
7.085415999999902e-05
7.085439499999901e-05
7.085462999999901e-05
7.0854864999999e-05
7.0855099999999e-05
7.0855334999999e-05
7.0855569999999e-05
7.085580499999899e-05
7.085603999999899e-05
7.085627499999898e-05
7.085650999999898e-05
7.085674499999898e-05
7.085697999999897e-05
7.085721499999897e-05
7.085744999999896e-05
7.085768499999896e-05
7.085791999999896e-05
7.085815499999895e-05
7.085838999999895e-05
7.085862499999894e-05
7.085885999999894e-05
7.085909499999894e-05
7.085932999999893e-05
7.085956499999893e-05
7.085979999999892e-05
7.086003499999892e-05
7.086026999999892e-05
7.086050499999891e-05
7.086073999999891e-05
7.08609749999989e-05
7.08612099999989e-05
7.08614449999989e-05
7.08616799999989e-05
7.086191499999889e-05
7.086214999999889e-05
7.086238499999888e-05
7.086261999999888e-05
7.086285499999887e-05
7.086308999999887e-05
7.086332499999887e-05
7.086355999999886e-05
7.086379499999886e-05
7.086402999999885e-05
7.086426499999885e-05
7.092405999999885e-05
7.095333499999885e-05
7.095356999999884e-05
7.095380499999884e-05
7.095403999999884e-05
7.095427499999883e-05
7.095450999999883e-05
7.095474499999882e-05
7.095497999999882e-05
7.095521499999882e-05
7.095544999999881e-05
7.095568499999881e-05
7.09559199999988e-05
7.09561549999988e-05
7.09563899999988e-05
7.095662499999879e-05
7.095685999999879e-05
7.095709499999879e-05
7.095732999999878e-05
7.095756499999878e-05
7.095779999999877e-05
7.095803499999877e-05
7.095826999999877e-05
7.095850499999876e-05
7.095873999999876e-05
7.095897499999875e-05
7.095920999999875e-05
7.095944499999875e-05
7.095967999999874e-05
7.095991499999874e-05
7.097742999999874e-05
7.098510499999874e-05
7.098533999999874e-05
7.098557499999873e-05
7.098580999999873e-05
7.098604499999872e-05
7.098627999999872e-05
7.098651499999872e-05
7.098674999999871e-05
7.098698499999871e-05
7.09872199999987e-05
7.09874549999987e-05
7.09876899999987e-05
7.10474849999987e-05
7.107675999999869e-05
7.107699499999869e-05
7.107722999999869e-05
7.107746499999868e-05
7.107769999999868e-05
7.107793499999867e-05
7.107816999999867e-05
7.107840499999867e-05
7.107863999999866e-05
7.107887499999866e-05
7.107910999999865e-05
7.107934499999865e-05
7.107957999999865e-05
7.107981499999864e-05
7.108004999999864e-05
7.108028499999863e-05
7.108051999999863e-05
7.108075499999863e-05
7.108098999999862e-05
7.108122499999862e-05
7.108145999999862e-05
7.108169499999861e-05
7.108192999999861e-05
7.10821649999986e-05
7.10823999999986e-05
7.10826349999986e-05
7.108286999999859e-05
7.108310499999859e-05
7.108333999999858e-05
7.108357499999858e-05
7.108380999999858e-05
7.108404499999857e-05
7.108427999999857e-05
7.108451499999856e-05
7.108474999999856e-05
7.110218999999856e-05
7.110978499999856e-05
7.111001999999855e-05
7.111025499999855e-05
7.111048999999855e-05
7.111072499999854e-05
7.111095999999854e-05
7.111119499999853e-05
7.111142999999853e-05
7.111166499999853e-05
7.111189999999852e-05
7.111213499999852e-05
7.111236999999851e-05
7.111260499999851e-05
7.11128399999985e-05
7.11130749999985e-05
7.11133099999985e-05
7.11135449999985e-05
7.111377999999849e-05
7.111401499999849e-05
7.111424999999848e-05
7.111448499999848e-05
7.111471999999848e-05
7.111495499999847e-05
7.111518999999847e-05
7.111542499999846e-05
7.111565999999846e-05
7.111589499999846e-05
7.111612999999845e-05
7.111636499999845e-05
7.111659999999844e-05
7.111683499999844e-05
7.111706999999844e-05
7.111730499999843e-05
7.111753999999843e-05
7.111777499999842e-05
7.111800999999842e-05
7.111824499999842e-05
7.111847999999841e-05
7.111871499999841e-05
7.11189499999984e-05
7.15200449999984e-05
7.167187999999841e-05
7.16721149999984e-05
7.16723499999984e-05
7.16725849999984e-05
7.167281999999839e-05
7.167305499999839e-05
7.167328999999838e-05
7.167352499999838e-05
7.208624499999838e-05
7.224519999999838e-05
7.224543499999838e-05
7.224566999999838e-05
7.224590499999837e-05
7.224613999999837e-05
7.224637499999837e-05
7.224660999999836e-05
7.224684499999836e-05
7.224707999999835e-05
7.224731499999835e-05
7.224754999999835e-05
7.224778499999834e-05
7.224801999999834e-05
7.224825499999833e-05
7.224848999999833e-05
7.224872499999833e-05
7.224895999999832e-05
7.224919499999832e-05
7.224942999999831e-05
7.224966499999831e-05
7.230953499999831e-05
7.233888999999831e-05
7.233912499999831e-05
7.23393599999983e-05
7.23395949999983e-05
7.23398299999983e-05
7.234006499999829e-05
7.234029999999829e-05
7.234053499999828e-05
7.234076999999828e-05
7.234100499999828e-05
7.234123999999827e-05
7.234147499999827e-05
7.234170999999826e-05
7.234194499999826e-05
7.234217999999826e-05
7.234241499999825e-05
7.234264999999825e-05
7.234288499999825e-05
7.234311999999824e-05
7.234335499999824e-05
7.234358999999823e-05
7.234382499999823e-05
7.234405999999823e-05
7.234429499999822e-05
7.234452999999822e-05
7.234476499999821e-05
7.234499999999821e-05
7.23452349999982e-05
7.23454699999982e-05
7.23457049999982e-05
7.23459399999982e-05
7.234617499999819e-05
7.234640999999819e-05
7.234664499999818e-05
7.234687999999818e-05
7.234711499999818e-05
7.234734999999817e-05
7.234758499999817e-05
7.234781999999816e-05
7.234805499999816e-05
7.234828999999816e-05
7.234852499999815e-05
7.234875999999815e-05
7.234899499999814e-05
7.234922999999814e-05
7.234946499999814e-05
7.234969999999813e-05
7.234993499999813e-05
7.235016999999812e-05
7.235040499999812e-05
7.235063999999812e-05
7.235087499999811e-05
7.241066999999812e-05
7.243994499999811e-05
7.24401799999981e-05
7.24404149999981e-05
7.24406499999981e-05
7.24408849999981e-05
7.244111999999809e-05
7.244135499999809e-05
7.244158999999808e-05
7.244182499999808e-05
7.244205999999807e-05
7.244229499999807e-05
7.244252999999807e-05
7.244276499999806e-05
7.244299999999806e-05
7.244323499999806e-05
7.267590499999806e-05
7.280605999999806e-05
7.280629499999806e-05
7.280652999999805e-05
7.280676499999805e-05
7.280699999999804e-05
7.280723499999804e-05
7.280746999999804e-05
7.280770499999803e-05
7.280793999999803e-05
7.280817499999802e-05
7.280840999999802e-05
7.280864499999802e-05
7.280887999999801e-05
7.280911499999801e-05
7.2809349999998e-05
7.2809584999998e-05
7.2809819999998e-05
7.2810054999998e-05
7.281028999999799e-05
7.281052499999799e-05
7.281075999999798e-05
7.281099499999798e-05
7.330656999999797e-05
7.352320499999797e-05
7.352343999999796e-05
7.352367499999796e-05
7.352390999999796e-05
7.352414499999795e-05
7.352437999999795e-05
7.352461499999795e-05
7.352484999999794e-05
7.352508499999794e-05
7.352531999999793e-05
7.352555499999793e-05
7.352578999999793e-05
7.352602499999792e-05
7.352625999999792e-05
7.352649499999791e-05
7.352672999999791e-05
7.35269649999979e-05
7.35271999999979e-05
7.35274349999979e-05
7.35276699999979e-05
7.352790499999789e-05
7.352813999999789e-05
7.352837499999788e-05
7.352860999999788e-05
7.352884499999788e-05
7.352907999999787e-05
7.352931499999787e-05
7.352954999999786e-05
7.352978499999786e-05
7.354722499999786e-05
7.355481999999786e-05
7.396753999999786e-05
7.412649499999786e-05
7.453921499999787e-05
7.469816999999787e-05
7.469840499999786e-05
7.469863999999786e-05
7.469887499999785e-05
7.469910999999785e-05
7.469934499999785e-05
7.469957999999784e-05
7.469981499999784e-05
7.470004999999783e-05
7.470028499999783e-05
7.470051999999783e-05
7.470075499999782e-05
7.470098999999782e-05
7.470122499999782e-05
7.470145999999781e-05
7.470169499999781e-05
7.47019299999978e-05
7.47021649999978e-05
7.47023999999978e-05
7.470263499999779e-05
7.470286999999779e-05
7.470310499999778e-05
7.470333999999778e-05
7.470357499999778e-05
7.470380999999777e-05
7.470404499999777e-05
7.470427999999776e-05
7.470451499999776e-05
7.470474999999776e-05
7.470498499999775e-05
7.470521999999775e-05
7.470545499999775e-05
7.470568999999774e-05
7.470592499999774e-05
7.470615999999773e-05
7.470639499999773e-05
7.470662999999773e-05
7.470686499999772e-05
7.470709999999772e-05
7.470733499999771e-05
7.470756999999771e-05
7.47078049999977e-05
7.47080399999977e-05
7.47082749999977e-05
7.47085099999977e-05
7.50960299999977e-05
7.52405849999977e-05
7.524081999999769e-05
7.524105499999769e-05
7.524128999999768e-05
7.524152499999768e-05
7.524175999999767e-05
7.524199499999767e-05
7.524222999999767e-05
7.524246499999766e-05
7.524269999999766e-05
7.524293499999766e-05
7.524316999999765e-05
7.524340499999765e-05
7.524363999999764e-05
7.524387499999764e-05
7.524410999999764e-05
7.524434499999763e-05
7.524457999999763e-05
7.524481499999762e-05
7.524504999999762e-05
7.524528499999762e-05
7.524551999999761e-05
7.524575499999761e-05
7.52459899999976e-05
7.52462249999976e-05
7.52464599999976e-05
7.524669499999759e-05
7.524692999999759e-05
7.524716499999759e-05
7.524739999999758e-05
7.524763499999758e-05
7.524786999999757e-05
7.524810499999757e-05
7.524833999999757e-05
7.524857499999756e-05
7.524880999999756e-05
7.524904499999755e-05
7.524927999999755e-05
7.524951499999755e-05
7.524974999999754e-05
7.524998499999754e-05
7.525021999999753e-05
7.525045499999753e-05
7.525068999999753e-05
7.568860999999753e-05
7.586196499999754e-05
7.586219999999753e-05
7.586243499999753e-05
7.586266999999753e-05
7.586290499999752e-05
7.586313999999752e-05
7.586337499999751e-05
7.586360999999751e-05
7.58638449999975e-05
7.58640799999975e-05
7.58643149999975e-05
7.58645499999975e-05
7.586478499999749e-05
7.586501999999749e-05
7.586525499999748e-05
7.586548999999748e-05
7.586572499999748e-05
7.586595999999747e-05
7.586619499999747e-05
7.586642999999746e-05
7.586666499999746e-05
7.586689999999746e-05
7.586713499999745e-05
7.586736999999745e-05
7.586760499999744e-05
7.586783999999744e-05
7.586807499999744e-05
7.586830999999743e-05
7.586854499999743e-05
7.586877999999742e-05
7.586901499999742e-05
7.588652999999742e-05
7.589420499999742e-05
7.589443999999742e-05
7.589467499999741e-05
7.595454499999741e-05
7.598389999999741e-05
7.598413499999741e-05
7.59843699999974e-05
7.59846049999974e-05
7.59848399999974e-05
7.59850749999974e-05
7.598530999999739e-05
7.598554499999739e-05