3.873000000000001e-07
1.1712600000000003e-06
1.6041350000000004e-06
1.6043700000000003e-06
1.6046050000000002e-06
1.6048400000000001e-06
1.605075e-06
1.9925950000000003e-06
2.1371500000000004e-06
2.1373850000000003e-06
2.5249050000000005e-06
2.6694600000000006e-06
2.6696950000000005e-06
2.6699300000000005e-06
2.6701650000000004e-06
2.6704000000000003e-06
2.6706350000000002e-06
2.67087e-06
2.671105e-06
2.67134e-06
3.100315e-06
3.27375e-06
3.273985e-06
3.27422e-06
3.274455e-06
3.661975e-06
3.8065300000000003e-06
3.823970000000001e-06
3.831565000000001e-06
3.831800000000001e-06
3.8320350000000015e-06
4.2331300000000014e-06
5.0375500000000014e-06
5.485305000000002e-06
5.485540000000002e-06
5.4857750000000025e-06
5.486010000000003e-06
5.486245000000003e-06
5.486480000000004e-06
5.486715000000004e-06
5.486950000000004e-06
5.487185000000005e-06
5.487420000000005e-06
5.487655000000005e-06
5.487890000000006e-06
5.488125000000006e-06
5.488360000000006e-06
5.488595000000007e-06
5.488830000000007e-06
5.489065000000007e-06
5.489300000000008e-06
5.489535000000008e-06
5.4897700000000084e-06
5.490005000000009e-06
5.490240000000009e-06
5.4904750000000095e-06
5.49071000000001e-06
5.49094500000001e-06
5.87846500000001e-06
6.02302000000001e-06
6.02325500000001e-06
6.02349000000001e-06
6.41101000000001e-06
6.55556500000001e-06
6.55580000000001e-06
6.5560350000000105e-06
6.556270000000011e-06
6.556505000000011e-06
6.5567400000000115e-06
6.556975000000012e-06
6.557210000000012e-06
6.5574450000000126e-06
6.557680000000013e-06
6.557915000000013e-06
6.558150000000014e-06
6.558385000000014e-06
6.601080000000014e-06
6.623155000000014e-06
6.6233900000000145e-06
6.623625000000015e-06
6.623860000000015e-06
6.6666300000000155e-06
6.719690000000016e-06
7.1877300000000155e-06
7.3908450000000155e-06
7.391080000000016e-06
7.391315000000016e-06
7.3915500000000165e-06
7.391785000000017e-06
7.392020000000017e-06
7.3922550000000175e-06
7.392490000000018e-06
7.392725000000018e-06
7.3929600000000186e-06
7.393195000000019e-06
7.393430000000019e-06
7.39366500000002e-06
7.43643500000002e-06
7.45859000000002e-06
7.45882500000002e-06
7.45906000000002e-06
7.459295000000021e-06
7.459530000000021e-06
7.476970000000021e-06
7.4845650000000216e-06
7.484800000000022e-06
7.485035000000022e-06
7.485270000000023e-06
7.485505000000023e-06
7.485740000000023e-06
7.873260000000024e-06
8.017815000000024e-06
8.018050000000024e-06
8.018285000000023e-06
8.018520000000023e-06
8.035960000000023e-06
8.489775000000023e-06
8.685290000000023e-06
8.685525000000022e-06
8.685760000000022e-06
8.685995000000021e-06
8.703435000000021e-06
9.111195000000022e-06
9.387075000000022e-06
9.553710000000022e-06
9.553945000000022e-06
9.571385000000022e-06
9.578980000000022e-06
1.0007955000000022e-05
1.0181390000000022e-05
1.0198830000000022e-05
1.0206425000000021e-05
1.0206660000000021e-05
1.020689500000002e-05
1.022433500000002e-05
1.023193000000002e-05
1.023216500000002e-05
1.061968500000002e-05
1.076424000000002e-05
1.076447500000002e-05
1.078191500000002e-05
1.078951000000002e-05
1.080695000000002e-05
1.081454500000002e-05
1.0814780000000019e-05
1.0815015000000019e-05
1.0815250000000018e-05
1.0815485000000018e-05
1.0815720000000017e-05
1.0815955000000017e-05
1.0816190000000016e-05
1.0816425000000016e-05
1.0816660000000015e-05
1.0816895000000015e-05
1.0817130000000014e-05
1.0817365000000014e-05
1.0817600000000013e-05
1.0817835000000013e-05
1.0818070000000012e-05
1.0818305000000012e-05
1.0818540000000011e-05
1.081877500000001e-05
1.0836215000000011e-05
1.084381000000001e-05
1.084404500000001e-05
1.084428000000001e-05
1.0844515000000009e-05
1.0844750000000008e-05
1.0844985000000008e-05
1.0845220000000007e-05
1.0845455000000007e-05
1.0845690000000006e-05
1.0845925000000006e-05
1.0846160000000005e-05
1.0846395000000005e-05
1.0846630000000004e-05
1.0846865000000004e-05
1.1234385000000004e-05
1.1378940000000005e-05
1.1379175000000004e-05
1.1379410000000004e-05
1.1379645000000003e-05
1.1379880000000003e-05
1.1380115000000002e-05
1.1380350000000002e-05
1.1380585000000001e-05
1.1423280000000002e-05
1.1445355e-05
1.144559e-05
1.1445825e-05
1.144606e-05
1.1446294999999999e-05
1.1446529999999998e-05
1.1834049999999999e-05
1.2201465e-05
1.2512179999999999e-05
1.2512414999999998e-05
1.2512649999999998e-05
1.2512884999999997e-05
1.2513119999999997e-05
1.2942094999999997e-05
1.3115529999999997e-05
1.3115764999999997e-05
1.3503284999999997e-05
1.3755319999999997e-05
1.3907314999999996e-05
1.3907549999999995e-05
1.3907784999999995e-05
1.4361959999999995e-05
1.4549794999999994e-05
1.4550029999999993e-05
1.4550264999999993e-05
1.4937784999999993e-05
1.5082339999999994e-05
1.5082574999999993e-05
1.5082809999999993e-05
1.5100324999999993e-05
1.5107999999999993e-05
1.5536974999999992e-05
1.5710409999999992e-05
1.571064499999999e-05
1.571087999999999e-05
1.572839499999999e-05
1.573606999999999e-05
1.573630499999999e-05
1.573653999999999e-05
1.573677499999999e-05
1.573700999999999e-05
1.573724499999999e-05
1.616621999999999e-05
1.633965499999999e-05
1.635709499999999e-05
1.636468999999999e-05
1.675220999999999e-05
1.6896764999999988e-05
1.6896999999999987e-05
1.6897234999999987e-05
1.6897469999999986e-05
1.6897704999999986e-05
1.6897939999999985e-05
1.6898174999999985e-05
1.6898409999999984e-05
1.6898644999999984e-05
1.6898879999999983e-05
1.6899114999999983e-05
1.6916554999999983e-05
1.6945954999999983e-05
1.6960909999999983e-05
1.6961144999999982e-05
1.696137999999998e-05
1.6978819999999982e-05
1.7386579999999982e-05
1.8211459999999984e-05
1.8674094999999984e-05
1.8674329999999984e-05
1.8674564999999983e-05
1.8674799999999983e-05
1.8675034999999982e-05
1.867526999999998e-05
1.867550499999998e-05
1.867573999999998e-05
1.867597499999998e-05
1.867620999999998e-05
1.869364999999998e-05
1.870124499999998e-05
1.8718759999999978e-05
1.872643499999998e-05
1.911395499999998e-05
1.925850999999998e-05
1.925874499999998e-05
1.9258979999999978e-05
1.9259214999999978e-05
1.9259449999999977e-05
1.9259684999999977e-05
1.9259919999999976e-05
1.9260154999999976e-05
1.9302849999999974e-05
1.9324924999999973e-05
1.9325159999999973e-05
1.9325394999999972e-05
1.9712914999999973e-05
1.985746999999997e-05
1.985770499999997e-05
1.985793999999997e-05
1.985817499999997e-05
1.985840999999997e-05
1.985864499999997e-05
1.985887999999997e-05
1.9859114999999968e-05
1.9859349999999968e-05
2.0288324999999968e-05
2.0461759999999968e-05
2.0461994999999967e-05
2.0479434999999968e-05
2.0487029999999967e-05
2.0874549999999968e-05
2.1019104999999967e-05
2.1019339999999966e-05
2.1036779999999966e-05
2.1044374999999966e-05
2.1061814999999966e-05
2.1069409999999965e-05
2.1086849999999966e-05
2.1094444999999965e-05
2.1111884999999965e-05
2.1119479999999965e-05
2.1119714999999964e-05
2.1119949999999964e-05
2.1120184999999963e-05
2.1120419999999963e-05
2.113793499999996e-05
2.1145609999999963e-05
2.1145844999999963e-05
2.1146079999999962e-05
2.114631499999996e-05
2.114654999999996e-05
2.114678499999996e-05
2.114701999999996e-05
2.114725499999996e-05
2.114748999999996e-05
2.153500999999996e-05
2.167956499999996e-05
2.1679799999999958e-05
2.1680034999999958e-05
2.1680269999999957e-05
2.1680504999999957e-05
2.1680739999999956e-05
2.1680974999999956e-05
2.1681209999999955e-05
2.1681444999999954e-05
2.1724139999999953e-05
2.1746214999999952e-05
2.174644999999995e-05
2.174668499999995e-05
2.176412499999995e-05
2.177171999999995e-05
2.177195499999995e-05
2.177218999999995e-05
2.1814884999999948e-05
2.226246499999995e-05
2.2450699999999948e-05
2.2450934999999947e-05
2.2838454999999948e-05
2.2983009999999947e-05
2.2983244999999946e-05
2.2983479999999945e-05
2.2983714999999945e-05
2.2983949999999944e-05
2.2984184999999944e-05
2.3001699999999943e-05
2.3009374999999944e-05
2.3009609999999944e-05
2.3009844999999943e-05
2.3052539999999942e-05
2.307461499999994e-05
2.307484999999994e-05
2.307508499999994e-05
2.309252499999994e-05
2.310011999999994e-05
2.310035499999994e-05
2.310058999999994e-05
2.3118104999999937e-05
2.312577999999994e-05
2.312601499999994e-05
2.3126249999999938e-05
2.3126484999999938e-05
2.3143924999999938e-05
2.3173399999999936e-05
2.3188434999999938e-05
2.3188669999999937e-05
2.3188904999999937e-05
2.3231599999999935e-05
2.3253674999999935e-05
2.3271114999999935e-05
2.3278709999999934e-05
2.3296149999999934e-05
2.3303744999999934e-05
2.3303979999999933e-05
2.3304214999999933e-05
2.3304449999999932e-05
2.3304684999999932e-05
2.330491999999993e-05
2.332243499999993e-05
2.3330109999999932e-05
2.333034499999993e-05
2.333057999999993e-05
2.333081499999993e-05
2.333104999999993e-05
2.333128499999993e-05
2.333151999999993e-05
2.334895999999993e-05
2.335655499999993e-05
2.3374069999999927e-05
2.338174499999993e-05
2.3381979999999928e-05
2.3382214999999928e-05
2.3811189999999928e-05
2.3984624999999928e-05
2.3984859999999927e-05
2.3985094999999927e-05
2.4027864999999927e-05
2.405001999999993e-05
2.4050254999999928e-05
2.4050489999999928e-05
2.4093184999999926e-05
2.4115259999999925e-05
2.4115494999999925e-05
2.4115729999999924e-05
2.4115964999999924e-05
2.4158734999999924e-05
2.4180889999999926e-05
2.4181124999999925e-05
2.4181359999999925e-05
2.4198799999999925e-05
2.4206394999999924e-05
2.4206629999999924e-05
2.4594149999999924e-05
2.5378549999999923e-05
2.695670999999992e-05
3.0122389999999923e-05
3.2287424999999926e-05
3.228765999999993e-05
3.228789499999993e-05
3.2288129999999934e-05
3.228836499999994e-05
3.228859999999994e-05
3.228883499999994e-05
3.268992999999994e-05
3.2841764999999945e-05
3.284199999999995e-05
3.284223499999995e-05
3.322975499999995e-05
3.359716999999995e-05
3.3907884999999946e-05
3.390811999999995e-05
3.390835499999995e-05
3.392579499999995e-05
3.3933389999999955e-05
3.393362499999996e-05
3.393385999999996e-05
3.393409499999996e-05
3.3934329999999966e-05
3.393456499999997e-05
3.393479999999997e-05
3.433589499999997e-05
3.4487729999999973e-05
3.4487964999999976e-05
3.448819999999998e-05
3.453089499999998e-05
3.455296999999998e-05
3.455320499999998e-05
3.455343999999998e-05
3.457087999999998e-05
3.497863999999998e-05
3.513791499999998e-05
3.5138149999999985e-05
3.513838499999999e-05
3.513861999999999e-05
3.5138854999999993e-05
3.515636999999999e-05
3.5164044999999994e-05
3.516428e-05
3.5164515e-05
3.516475e-05
3.5164985000000005e-05
3.516522000000001e-05
3.518273500000001e-05
3.519041000000001e-05
3.519064500000001e-05
3.5190880000000014e-05
3.523357500000001e-05
3.525565000000001e-05
3.5255885000000015e-05
3.525612000000002e-05
3.5298890000000015e-05
3.532104500000001e-05
3.5321280000000016e-05
3.532151500000002e-05
3.536421000000002e-05
3.5386285000000016e-05
3.538652000000002e-05
3.538675500000002e-05
3.540419500000002e-05
3.5411790000000025e-05
3.541202500000003e-05
3.541226000000003e-05
3.5412495000000034e-05
3.5412730000000037e-05
3.541296500000004e-05
3.541320000000004e-05
3.543064000000004e-05
3.5438235000000045e-05
3.543847000000005e-05
3.543870500000005e-05
3.5438940000000054e-05
3.543917500000006e-05
3.5456690000000056e-05
3.546436500000006e-05
3.546460000000006e-05
3.546483500000006e-05
3.5482275000000063e-05
3.5489870000000066e-05
3.549010500000007e-05
3.549034000000007e-05
3.553311000000007e-05
3.598091000000007e-05
3.7083700000000066e-05
3.9559460000000065e-05
4.4520340000000065e-05
4.799097500000007e-05
4.799121000000007e-05
4.7991445000000074e-05
4.7991680000000076e-05
4.799191500000008e-05
4.799215000000008e-05
4.803484500000008e-05
4.848242500000008e-05
4.880536500000008e-05
4.900096000000008e-05
4.940205500000008e-05
4.955389000000008e-05
4.959658500000008e-05
4.961866000000008e-05
4.961889500000008e-05
4.9619130000000084e-05
4.9636570000000084e-05
4.964416500000009e-05
4.964440000000009e-05
4.964463500000009e-05
4.9644870000000096e-05
4.96451050000001e-05
4.96453400000001e-05
5.00328600000001e-05
5.01774150000001e-05
5.0177650000000104e-05
5.017788500000011e-05
5.017812000000011e-05
5.017835500000011e-05
5.056587500000011e-05
5.081783500000011e-05
5.096975000000011e-05
5.0969985000000116e-05
5.097022000000012e-05
5.098766000000012e-05
5.099525500000012e-05
5.0995490000000125e-05
5.099572500000013e-05
5.099596000000013e-05
5.099619500000013e-05
5.0996430000000136e-05
5.138395000000013e-05
5.1751365000000134e-05
5.227333500000013e-05
5.259141000000013e-05
5.259164500000013e-05
5.2591880000000135e-05
5.302085500000013e-05
5.3194290000000135e-05
5.319452500000014e-05
5.319476000000014e-05
5.3194995000000143e-05
5.358251500000014e-05
5.439211500000014e-05
5.483971000000014e-05
5.483994500000014e-05
5.4840180000000145e-05
5.484041500000015e-05
5.5227935000000145e-05
5.537249000000015e-05
5.537272500000015e-05
5.537296000000015e-05
5.5373195000000156e-05
5.537343000000016e-05
5.537366500000016e-05
5.5373900000000165e-05
5.537413500000017e-05
5.537437000000017e-05
5.537460500000017e-05
5.5374840000000176e-05
5.537507500000018e-05
5.537531000000018e-05
5.5375545000000185e-05
5.537578000000019e-05
5.537601500000019e-05
5.537625000000019e-05
5.5376485000000196e-05
5.53767200000002e-05
5.53769550000002e-05
5.5377190000000205e-05
5.537742500000021e-05
5.537766000000021e-05
5.576518000000021e-05
5.590973500000021e-05
5.590997000000021e-05
5.592748500000021e-05
5.5935160000000213e-05
5.5935395000000216e-05
5.593563000000022e-05
5.599542500000022e-05
5.602470000000022e-05
5.6024935000000226e-05
5.602517000000023e-05
5.602540500000023e-05
5.6025640000000234e-05
5.602587500000024e-05
5.6043390000000236e-05
5.611992500000024e-05
5.6164080000000236e-05
5.619862000000023e-05
5.6239720000000235e-05
5.626187500000023e-05
5.664939500000023e-05
5.679395000000023e-05
5.6794185000000235e-05
5.679442000000024e-05
5.679465500000024e-05
5.6794890000000244e-05
5.679512500000025e-05
5.7249300000000245e-05
5.7437135000000246e-05
5.743737000000025e-05
5.743760500000025e-05
5.7437840000000254e-05
5.743807500000026e-05
5.790845000000026e-05
5.8110685000000256e-05
5.811092000000026e-05
5.811115500000026e-05
5.8111390000000264e-05
5.811162500000027e-05
5.8524345000000265e-05
5.8683300000000265e-05
5.868353500000027e-05
5.868377000000027e-05
5.8684005000000274e-05
5.907152500000027e-05
5.9216080000000273e-05
5.9216315000000276e-05
5.921655000000028e-05
5.921678500000028e-05
5.9217020000000285e-05
5.921725500000029e-05
5.921749000000029e-05
5.9217725000000294e-05
5.9217960000000297e-05
5.92181950000003e-05
5.92184300000003e-05
5.9218665000000305e-05
5.921890000000031e-05
5.921913500000031e-05
5.9219370000000314e-05
5.921960500000032e-05
5.921984000000032e-05
5.960736000000032e-05
5.975191500000032e-05
5.975215000000032e-05
5.9752385000000325e-05
5.975262000000033e-05
5.975285500000033e-05
5.977029500000033e-05
5.979969500000033e-05
5.981465000000033e-05
5.981488500000033e-05
5.988278000000033e-05
6.0369960000000336e-05
6.137888000000034e-05
6.342048000000034e-05
6.562088000000034e-05
6.697183500000034e-05
6.697207000000034e-05
6.697230500000033e-05
6.735982500000034e-05
6.750438000000033e-05
6.752182000000033e-05
6.752941500000033e-05
6.793051000000033e-05
6.808234500000033e-05
6.848344000000033e-05
6.863527500000033e-05
6.863551000000033e-05
6.865295000000033e-05
6.908591000000033e-05
6.925958500000033e-05
6.925982000000032e-05
6.926005500000032e-05
6.926029000000032e-05
6.926052500000031e-05
6.926076000000031e-05
6.92609950000003e-05
6.92784350000003e-05
6.92860300000003e-05
6.93034700000003e-05
6.97572850000003e-05
6.99528000000003e-05
6.995303500000029e-05
6.99704750000003e-05
6.997807000000029e-05
6.997830500000029e-05
6.997854000000028e-05
6.997877500000028e-05
6.997901000000027e-05
6.999652500000027e-05
7.000420000000027e-05
7.002164000000027e-05
7.005104000000027e-05
7.006599500000027e-05
7.006623000000026e-05
7.045375000000027e-05
7.059830500000026e-05
7.059854000000026e-05
7.059877500000025e-05
7.098629500000026e-05
7.113085000000025e-05
7.113108500000025e-05
7.113132000000025e-05
7.113155500000024e-05
7.113179000000024e-05
7.113202500000023e-05
7.113226000000023e-05
7.113249500000023e-05
7.113273000000022e-05
7.117542500000022e-05
7.119750000000023e-05
7.119773500000022e-05
7.119797000000022e-05
7.119820500000022e-05
7.119844000000021e-05
7.119867500000021e-05
7.158619500000021e-05
7.173075000000021e-05
7.17309850000002e-05
7.17312200000002e-05
7.17314550000002e-05
7.173169000000019e-05
7.173192500000019e-05
7.173216000000018e-05
7.173239500000018e-05
7.173263000000018e-05
7.173286500000017e-05
7.173310000000017e-05
7.173333500000016e-05
7.173357000000016e-05
7.173380500000016e-05
7.173404000000015e-05
7.212156000000016e-05
7.226611500000015e-05
7.226635000000015e-05
7.226658500000014e-05
7.226682000000014e-05
7.226705500000014e-05
7.226729000000013e-05
7.226752500000013e-05
7.265504500000013e-05
7.279960000000013e-05
7.279983500000012e-05
7.280007000000012e-05
7.280030500000012e-05
7.280054000000011e-05
7.280077500000011e-05
7.28010100000001e-05
7.28012450000001e-05
7.28014800000001e-05
7.31890000000001e-05
7.33335550000001e-05
7.33337900000001e-05
7.333402500000009e-05
7.333426000000009e-05
7.340215500000008e-05
7.343863000000008e-05
7.343886500000008e-05
7.345630500000008e-05
7.346390000000007e-05
7.346413500000007e-05
7.385165500000007e-05
7.399621000000007e-05
7.399644500000007e-05
7.399668000000006e-05
7.401412000000006e-05
7.402171500000006e-05
7.402195000000005e-05
7.402218500000005e-05
7.440970500000005e-05
7.455426000000005e-05
7.455449500000005e-05
7.496721500000005e-05
7.512617000000005e-05
7.512640500000005e-05
7.512664000000004e-05
7.514415500000004e-05
7.515183000000004e-05
7.515206500000004e-05
7.515230000000004e-05
7.515253500000003e-05
7.519523000000003e-05
7.521730500000004e-05
7.521754000000003e-05
7.521777500000003e-05
7.521801000000002e-05
7.523552500000002e-05
7.524320000000003e-05
7.524343500000002e-05
7.524367000000002e-05
7.524390500000001e-05
7.528667500000001e-05
7.530883000000001e-05
7.5309065e-05
7.53093e-05
7.535207e-05
7.5374225e-05
7.537445999999999e-05
7.537469499999999e-05
7.539213499999999e-05
7.545138999999999e-05
7.5488185e-05
7.548842e-05
7.548865499999999e-05
7.550609499999999e-05
7.551368999999999e-05
7.551392499999998e-05
7.551415999999998e-05
7.551439499999998e-05
7.553183499999998e-05
7.553942999999997e-05
7.553966499999997e-05
7.553989999999996e-05
7.554013499999996e-05
7.555764999999996e-05
7.556532499999996e-05
7.556555999999996e-05
7.556579499999995e-05
7.556602999999995e-05
7.560879999999995e-05
7.563095499999994e-05
7.563118999999994e-05
7.563142499999994e-05
7.567411999999993e-05
7.569619499999994e-05
7.569642999999994e-05
7.571394499999994e-05
7.577337999999994e-05
7.585048999999994e-05
7.589480499999994e-05
7.589503999999994e-05
7.589527499999994e-05
7.591271499999994e-05
7.592030999999993e-05
7.592054499999993e-05
7.592077999999992e-05
7.592101499999992e-05
7.593852999999992e-05
7.594620499999992e-05
7.594643999999992e-05
7.594667499999991e-05
7.594690999999991e-05
7.59471449999999e-05
7.59473799999999e-05
7.59476149999999e-05
7.594784999999989e-05
7.599061999999989e-05
7.601277499999989e-05
7.601300999999988e-05
7.601324499999988e-05
7.601347999999988e-05
7.601371499999987e-05
7.601394999999987e-05
7.601418499999986e-05
7.601441999999986e-05
7.601465499999986e-05
7.601488999999985e-05
7.601512499999985e-05
7.601535999999985e-05
7.642807999999985e-05
7.658703499999985e-05
7.658726999999985e-05
7.697478999999985e-05
7.711934499999985e-05
7.711957999999984e-05
7.711981499999984e-05
7.712004999999983e-05
7.712028499999983e-05
7.750780499999983e-05
7.765235999999983e-05
7.765259499999983e-05
7.804011499999983e-05
7.884971499999983e-05
7.929730999999983e-05
7.929754499999982e-05
7.929777999999982e-05
7.929801499999982e-05
7.968553499999982e-05
7.983008999999982e-05
8.024280999999982e-05
8.040176499999982e-05
8.040199999999982e-05
8.040223499999981e-05
8.083120999999981e-05
8.100464499999981e-05
8.10048799999998e-05
8.10051149999998e-05
8.10053499999998e-05
8.13928699999998e-05
8.16619299999998e-05
8.18210449999998e-05
8.182127999999979e-05
8.182151499999979e-05
8.182174999999978e-05
8.182198499999978e-05
8.182221999999978e-05
8.182245499999977e-05
8.182268999999977e-05
8.182292499999976e-05
8.221044499999977e-05
8.235499999999976e-05
8.235523499999976e-05
8.235546999999976e-05
8.235570499999975e-05
8.235593999999975e-05
8.239047999999975e-05
8.240527499999975e-05
8.240550999999975e-05
8.240574499999974e-05
8.240597999999974e-05
8.240621499999973e-05
8.240644999999973e-05
8.240668499999973e-05
8.240691999999972e-05
8.242435999999972e-05
8.243195499999972e-05
8.243218999999971e-05
8.244962999999971e-05
8.255118499999971e-05
8.260957999999971e-05
8.26098149999997e-05
8.26100499999997e-05
8.26102849999997e-05
8.26277249999997e-05
8.26353199999997e-05
8.26698599999997e-05
8.26846549999997e-05
8.268488999999969e-05
8.268512499999969e-05
8.268535999999968e-05
8.268559499999968e-05
8.268582999999968e-05
8.268606499999967e-05
8.268629999999967e-05
8.268653499999967e-05
8.272107499999967e-05
8.273586999999967e-05
8.273610499999966e-05
8.273633999999966e-05
8.273657499999966e-05
8.273680999999965e-05
8.273704499999965e-05
8.273727999999964e-05
8.273751499999964e-05
8.273774999999964e-05
8.275518999999964e-05
8.276278499999963e-05
8.276301999999963e-05
8.276325499999963e-05
8.276348999999962e-05
8.276372499999962e-05
8.279826499999962e-05
8.281305999999962e-05
8.281329499999962e-05
8.281352999999961e-05
8.281376499999961e-05
8.28139999999996e-05
8.28142349999996e-05
8.28144699999996e-05
8.281470499999959e-05
8.283214499999959e-05
8.283973999999959e-05
8.283997499999958e-05
8.285741499999958e-05
8.295896999999958e-05
8.301736499999958e-05
8.301759999999958e-05
8.301783499999957e-05
8.301806999999957e-05
8.303550999999957e-05
8.304310499999956e-05
8.307764499999957e-05
8.309243999999957e-05
8.309267499999956e-05
8.309290999999956e-05
8.309314499999955e-05
8.309337999999955e-05
8.309361499999955e-05
8.309384999999954e-05
8.309408499999954e-05
8.309431999999954e-05
8.312885999999954e-05
8.314365499999954e-05
8.314388999999953e-05
8.353140999999954e-05
8.378336999999953e-05
8.404728999999954e-05
8.420656499999953e-05
8.420679999999953e-05
8.461951999999953e-05
8.477847499999953e-05
8.482116999999953e-05
8.484324499999954e-05
8.486075999999954e-05
8.486843499999954e-05
8.526952999999954e-05
8.542136499999954e-05
8.542159999999953e-05
8.542183499999953e-05
8.587600999999953e-05
8.606384499999953e-05
8.606407999999953e-05
8.606431499999952e-05
8.653206499999953e-05
8.672717999999952e-05
8.672741499999952e-05
8.672764999999952e-05
8.679554499999951e-05
8.683201999999951e-05
8.683225499999951e-05
8.68324899999995e-05
8.68499299999995e-05
8.68575249999995e-05
8.68577599999995e-05
8.685799499999949e-05
8.685822999999949e-05
8.685846499999948e-05
8.685869999999948e-05
8.685893499999948e-05
8.685916999999947e-05
8.685940499999947e-05
8.685963999999947e-05
8.685987499999946e-05
8.686010999999946e-05
8.686034499999945e-05
8.687785999999945e-05
8.688553499999945e-05
8.688576999999945e-05
8.688600499999945e-05
8.692054499999945e-05
8.693533999999945e-05
8.693557499999944e-05
8.693580999999944e-05
8.699567999999944e-05
8.706043999999944e-05
8.709715499999944e-05
8.709738999999944e-05
8.716528499999944e-05
8.720175999999944e-05
8.720199499999943e-05
8.720222999999943e-05
8.721966999999943e-05
8.722726499999943e-05
8.722749999999942e-05
8.722773499999942e-05
8.722796999999941e-05
8.722820499999941e-05
8.72284399999994e-05
8.72286749999994e-05
8.72289099999994e-05
8.72463499999994e-05
8.72539449999994e-05
8.725417999999939e-05
8.725441499999939e-05
8.725464999999938e-05
8.727216499999938e-05
8.727983999999938e-05
8.728007499999938e-05
8.728030999999938e-05
8.731484999999938e-05
8.732964499999938e-05
8.732987999999937e-05
8.733011499999937e-05
8.738998499999937e-05
8.741933999999937e-05
8.741957499999937e-05
8.741980999999936e-05
8.748770499999936e-05
8.752417999999936e-05
8.791169999999936e-05
8.805625499999936e-05
8.807369499999936e-05
8.808128999999936e-05
8.808152499999935e-05
8.808175999999935e-05
8.808199499999934e-05
8.808222999999934e-05
8.808246499999934e-05
8.808269999999933e-05
8.808293499999933e-05
8.810044999999933e-05
8.810812499999933e-05
8.810835999999932e-05
8.810859499999932e-05
8.812603499999932e-05
8.818528999999933e-05
8.822208499999933e-05
8.822231999999933e-05
8.822255499999932e-05
8.825709499999933e-05
8.827188999999933e-05
8.827212499999932e-05
8.827235999999932e-05
8.827259499999931e-05
8.827282999999931e-05
8.82730649999993e-05
8.82732999999993e-05
8.83079149999993e-05
8.832278999999931e-05
8.83230249999993e-05
8.83232599999993e-05
8.83911549999993e-05
8.84276299999993e-05
8.84278649999993e-05
8.842809999999929e-05
8.844553999999929e-05
8.845313499999929e-05
8.845336999999928e-05
8.845360499999928e-05
8.845383999999927e-05
8.845407499999927e-05
8.845430999999927e-05
8.845454499999926e-05
8.845477999999926e-05
8.845501499999925e-05
8.845524999999925e-05
8.845548499999925e-05
8.849002499999925e-05
8.894278499999925e-05
8.913085999999926e-05
8.913109499999925e-05
8.953218999999925e-05
8.968402499999925e-05
8.968425999999925e-05
8.968449499999925e-05
8.968472999999924e-05
8.974459999999924e-05
8.977395499999924e-05
8.977418999999924e-05
8.977442499999923e-05
8.985949499999924e-05
8.990324999999924e-05
8.990348499999924e-05
8.990371999999923e-05
8.992115999999923e-05
9.000561499999924e-05
9.005680999999924e-05
9.044432999999924e-05
9.058888499999924e-05
9.060632499999924e-05
9.061391999999923e-05
9.061415499999923e-05
9.061438999999922e-05
9.061462499999922e-05
9.064916499999922e-05
9.066395999999922e-05
9.066419499999922e-05
9.066442999999921e-05
9.066466499999921e-05
9.068217999999921e-05
9.068985499999921e-05
9.069008999999921e-05
9.06903249999992e-05
9.07330199999992e-05
9.07860249999992e-05
9.08155399999992e-05
9.08157749999992e-05
9.08160099999992e-05
9.08758049999992e-05
9.090507999999919e-05
9.090531499999919e-05
9.092275499999919e-05
9.095215499999918e-05
9.099351499999919e-05
9.101582999999919e-05
9.101606499999918e-05
9.101629999999918e-05
9.103373999999918e-05
9.104133499999917e-05
9.104156999999917e-05
9.104180499999917e-05
9.104203999999916e-05
9.107665499999917e-05
9.109152999999917e-05
9.109176499999916e-05
9.109199999999916e-05
9.109223499999916e-05
9.109246999999915e-05
9.109270499999915e-05
9.109293999999915e-05
9.109317499999914e-05
9.117824499999914e-05
9.122199999999915e-05
9.122223499999914e-05
9.122246999999914e-05
9.122270499999914e-05
9.122293999999913e-05
9.122317499999913e-05
9.122340999999912e-05
9.124084999999912e-05
9.124844499999912e-05
9.124867999999912e-05
9.124891499999911e-05
9.124914999999911e-05
9.126658999999911e-05
9.12741849999991e-05
9.12744199999991e-05
9.12746549999991e-05
9.12920949999991e-05
9.12996899999991e-05
9.129992499999909e-05
9.130015999999909e-05
9.130039499999908e-05
9.130062999999908e-05
9.130086499999907e-05
9.130109999999907e-05
9.130133499999907e-05
9.130156999999906e-05
9.171428999999907e-05
9.187324499999907e-05
9.187347999999906e-05
9.187371499999906e-05
9.187394999999906e-05
9.187418499999905e-05
9.187441999999905e-05
9.189185999999905e-05
9.189945499999904e-05
9.189968999999904e-05
9.189992499999904e-05
9.190015999999903e-05
9.190039499999903e-05
9.190062999999903e-05
9.190086499999902e-05
9.190109999999902e-05
9.190133499999901e-05
9.190156999999901e-05
9.1901804999999e-05
9.1902039999999e-05
9.1902274999999e-05
9.1902509999999e-05
9.190274499999899e-05
9.192018499999899e-05
9.192777999999899e-05
9.192801499999898e-05
9.192824999999898e-05
9.192848499999897e-05
9.192871999999897e-05
9.192895499999897e-05
9.192918999999896e-05
9.194662999999896e-05
9.195422499999896e-05
9.195445999999896e-05
9.195469499999895e-05
9.195492999999895e-05
9.195516499999894e-05
9.195539999999894e-05
9.195563499999894e-05
9.195586999999893e-05
9.195610499999893e-05
9.197354499999893e-05
9.198113999999892e-05
9.198137499999892e-05
9.198160999999892e-05
9.198184499999891e-05
9.198207999999891e-05
9.19823149999989e-05
9.19998299999989e-05
9.202935999999891e-05
9.204439499999891e-05
9.204462999999891e-05
9.211252499999891e-05
9.21489999999989e-05
9.21492349999989e-05
9.21494699999989e-05
9.21669099999989e-05
9.217450499999889e-05
9.217473999999889e-05
9.217497499999888e-05
9.220951499999889e-05
9.222430999999889e-05
9.222454499999888e-05
9.222477999999888e-05
9.222501499999887e-05
9.222524999999887e-05
9.225978999999887e-05
9.230096499999888e-05
9.232319999999888e-05
9.232343499999888e-05
9.232366999999887e-05
9.232390499999887e-05
9.238369999999887e-05
9.241297499999886e-05
9.241320999999886e-05
9.241344499999886e-05
9.244798499999886e-05
9.248915999999886e-05
9.251139499999886e-05
9.251162999999886e-05
9.251186499999886e-05
9.251209999999885e-05
9.257196999999885e-05
9.260132499999885e-05
9.260155999999885e-05
9.260179499999885e-05
9.268686499999885e-05
9.273061999999885e-05
9.273085499999885e-05
9.273108999999884e-05
9.274852999999884e-05
9.283298499999885e-05
9.288417999999885e-05
9.288441499999884e-05
9.288464999999884e-05
9.290208999999884e-05
9.290968499999884e-05
9.290991999999883e-05
9.291015499999883e-05
9.291038999999882e-05
9.294492999999883e-05
9.295972499999883e-05
9.295995999999882e-05
9.296019499999882e-05
9.296042999999881e-05
9.297794499999881e-05
9.298561999999882e-05
9.302838999999881e-05
9.312047999999882e-05
9.318647499999882e-05
9.322924499999882e-05
9.325139999999881e-05
9.325163499999881e-05
9.32518699999988e-05
9.331166499999881e-05
9.33409399999988e-05
9.33411749999988e-05
9.33586149999988e-05
9.33880149999988e-05
9.340296999999879e-05
9.340320499999879e-05
9.340343999999878e-05
9.340367499999878e-05
9.342111499999878e-05
9.342870999999878e-05
9.342894499999877e-05
9.342917999999877e-05
9.342941499999876e-05
9.346402999999877e-05
9.347890499999877e-05
9.347913999999877e-05
9.347937499999876e-05
9.347960999999876e-05
9.347984499999876e-05
9.348007999999875e-05
9.348031499999875e-05
9.348054999999874e-05
9.356561999999875e-05
9.360937499999875e-05
9.360960999999875e-05
9.360984499999874e-05
9.361007999999874e-05
9.361031499999873e-05
9.361054999999873e-05
9.361078499999873e-05
9.361101999999872e-05
9.361125499999872e-05
9.361148999999872e-05
9.361172499999871e-05
9.361195999999871e-05
9.362939999999871e-05
9.36369949999987e-05
9.36372299999987e-05
9.36374649999987e-05
9.36549049999987e-05
9.366249999999869e-05
9.366273499999869e-05
9.366296999999868e-05
9.366320499999868e-05
9.366343999999868e-05
9.366367499999867e-05
9.366390999999867e-05
9.366414499999866e-05
9.366437999999866e-05
9.368181999999866e-05
9.368941499999866e-05
9.368964999999865e-05
9.368988499999865e-05
9.369011999999865e-05
9.369035499999864e-05
9.369058999999864e-05
9.370802999999864e-05
9.371562499999863e-05
9.373306499999863e-05
9.374065999999863e-05
9.374089499999863e-05
9.374112999999862e-05
9.374136499999862e-05
9.374159999999861e-05
9.374183499999861e-05
9.374206999999861e-05
9.37423049999986e-05
9.37425399999986e-05
9.37427749999986e-05
9.374300999999859e-05
9.374324499999859e-05
9.374347999999858e-05
9.376091999999858e-05
9.376851499999858e-05
9.376874999999858e-05
9.376898499999857e-05
9.376921999999857e-05
9.376945499999856e-05
9.376968999999856e-05
9.376992499999856e-05
9.378736499999856e-05
9.379495999999855e-05
9.379519499999855e-05
9.379542999999855e-05
9.379566499999854e-05
9.379589999999854e-05
9.381333999999854e-05
9.382093499999853e-05
9.382116999999853e-05
9.382140499999853e-05
9.382163999999852e-05
9.382187499999852e-05
9.382210999999851e-05
9.382234499999851e-05
9.38225799999985e-05
9.38228149999985e-05
9.38230499999985e-05
9.38232849999985e-05
9.38407249999985e-05
9.384831999999849e-05
9.384855499999849e-05
9.391644999999849e-05
9.395292499999848e-05
9.395315999999848e-05
9.395339499999848e-05
9.397083499999848e-05
9.397842999999847e-05
9.440740499999847e-05
9.458083999999847e-05
9.461537999999847e-05
9.463017499999847e-05
9.464761499999847e-05
9.469411499999847e-05
9.471626999999847e-05
9.471650499999846e-05
9.471673999999846e-05
9.471697499999845e-05
9.473441499999845e-05
9.478091499999846e-05
9.480306999999845e-05
9.480330499999845e-05
9.482074499999845e-05
9.482833999999845e-05
9.482857499999844e-05
9.482880999999844e-05
9.482904499999843e-05
9.482927999999843e-05
9.482951499999843e-05
9.484695499999843e-05
9.485454999999842e-05
9.485478499999842e-05
9.485501999999841e-05
9.485525499999841e-05
9.485548999999841e-05
9.487292999999841e-05
9.48805249999984e-05
9.48807599999984e-05
9.48981999999984e-05
9.49057949999984e-05
9.490602999999839e-05
9.497392499999839e-05
9.501039999999839e-05
9.501063499999838e-05
9.501086999999838e-05
9.501110499999838e-05
9.539862499999838e-05
9.554317999999838e-05
9.554341499999837e-05
9.554364999999837e-05
9.554388499999836e-05
9.554411999999836e-05
9.554435499999836e-05
9.557896999999836e-05
9.562019999999836e-05
9.564243499999836e-05
9.567697499999836e-05
9.569176999999836e-05
9.569200499999836e-05
9.569223999999835e-05
9.569247499999835e-05
9.570991499999835e-05
9.581146999999835e-05
9.586986499999835e-05
9.587009999999834e-05
9.588753999999834e-05
9.591693999999834e-05
9.597547499999833e-05
9.600506999999834e-05
9.600530499999833e-05
9.600553999999833e-05
9.600577499999833e-05
9.602321499999833e-05
9.603080999999832e-05
9.603104499999832e-05
9.603127999999831e-05
9.603151499999831e-05
9.603174999999831e-05
9.604918999999831e-05
9.60567849999983e-05
9.60570199999983e-05
9.60744599999983e-05
9.60820549999983e-05
9.608228999999829e-05
9.615018499999829e-05
9.618665999999829e-05
9.618689499999828e-05
9.618712999999828e-05
9.618736499999828e-05
9.620480499999828e-05
9.621239999999827e-05
9.621263499999827e-05
9.621286999999826e-05
9.621310499999826e-05
9.621333999999826e-05
9.621357499999825e-05
9.621380999999825e-05
9.623124999999825e-05
9.623884499999825e-05
9.629863999999825e-05
9.632791499999824e-05
9.632814999999824e-05
9.632838499999823e-05
9.632861999999823e-05
9.634605999999823e-05
9.639255999999823e-05
9.641471499999823e-05
9.641494999999823e-05
9.643238999999823e-05
9.643998499999822e-05
9.644021999999822e-05
9.644045499999821e-05
9.644068999999821e-05
9.64409249999982e-05
9.64411599999982e-05
9.64586749999982e-05
9.64663499999982e-05
9.64665849999982e-05
9.64668199999982e-05
9.646705499999819e-05
9.646728999999819e-05
9.648472999999819e-05
9.649232499999818e-05
9.649255999999818e-05
9.649279499999818e-05
9.649302999999817e-05
9.649326499999817e-05
9.649349999999816e-05
9.649373499999816e-05
9.649396999999816e-05
9.651140999999816e-05
9.651900499999815e-05
9.651923999999815e-05
9.653667999999815e-05
9.654427499999814e-05
9.661216999999814e-05
9.664864499999814e-05
9.664887999999814e-05
9.664911499999813e-05
9.666655499999813e-05
9.672580999999814e-05
9.676260499999814e-05
9.676283999999814e-05
9.676307499999814e-05
9.676330999999813e-05
9.676354499999813e-05
9.676377999999813e-05
9.676401499999812e-05
9.678145499999812e-05
9.681085499999812e-05
9.723885499999812e-05
9.741284999999812e-05
9.741308499999811e-05
9.741331999999811e-05
9.74135549999981e-05
9.74137899999981e-05
9.74565599999981e-05
9.74787149999981e-05
9.747894999999809e-05
9.747918499999809e-05
9.747941999999808e-05
9.747965499999808e-05
9.749709499999808e-05
9.752649499999808e-05
9.754144999999807e-05
9.754168499999807e-05
9.754191999999807e-05
9.754215499999806e-05
9.754238999999806e-05
9.755982999999806e-05
9.763618499999805e-05
9.768017999999805e-05
9.768041499999804e-05
9.768064999999804e-05
9.768088499999804e-05
9.768111999999803e-05
9.769855999999803e-05
9.770615499999803e-05
9.770638999999802e-05
9.770662499999802e-05
9.770685999999802e-05
9.770709499999801e-05
9.770732999999801e-05
9.7707564999998e-05
9.7707799999998e-05
9.7708034999998e-05
9.770826999999799e-05
9.770850499999799e-05
9.772594499999799e-05
9.773353999999799e-05
9.773377499999798e-05
9.773400999999798e-05
9.773424499999797e-05
9.773447999999797e-05
9.773471499999797e-05
9.773494999999796e-05
9.773518499999796e-05
9.777795499999796e-05
9.780010999999795e-05
9.781754999999795e-05
9.782514499999795e-05
9.782537999999795e-05
9.782561499999794e-05
9.782584999999794e-05
9.782608499999793e-05
9.782631999999793e-05
9.786908999999793e-05
9.789124499999793e-05
9.789147999999792e-05
9.789171499999792e-05
9.792625499999792e-05
9.794104999999792e-05
9.837002499999792e-05
9.854345999999791e-05
9.893097999999792e-05
9.920003999999791e-05
9.947565999999791e-05
9.964213499999791e-05
9.96423699999979e-05
9.96598099999979e-05
9.96674049999979e-05
9.96848449999979e-05
9.96924399999979e-05
9.969267499999789e-05
9.969290999999789e-05
9.969314499999788e-05
9.969337999999788e-05
9.969361499999788e-05
9.969384999999787e-05
9.969408499999787e-05
9.969431999999787e-05
9.969455499999786e-05
9.969478999999786e-05
9.969502499999785e-05
9.969525999999785e-05
9.969549499999785e-05
9.969572999999784e-05
9.969596499999784e-05
9.969619999999783e-05
9.969643499999783e-05
9.969666999999783e-05
9.971410999999783e-05
9.974350999999782e-05
9.975846499999782e-05
9.975869999999782e-05
9.975893499999781e-05
9.975916999999781e-05
9.97594049999978e-05
9.97596399999978e-05
9.97598749999978e-05
9.976010999999779e-05
9.976034499999779e-05
9.976057999999778e-05
9.976081499999778e-05
9.976104999999778e-05
9.976128499999777e-05
9.976151999999777e-05
9.976175499999776e-05
9.977919499999777e-05
0.00010020052999999777
0.00010036708499999777
0.00010036731999999777
0.00010036755499999777
0.00010076864999999776
0.00010092048499999777
0.00010092071999999776
0.00010092095499999776
0.00010132204999999776
0.00010147388499999776
0.00010147411999999776
0.00010147435499999775
0.00010147458999999775
0.00010147482499999774
0.00010147505999999774
0.00010147529499999774
0.00010147552999999773
0.00010147576499999773
0.00010149320499999773
0.00010150079999999773
0.00010151831499999772
0.00010152598999999773
0.00010152622499999772
0.00010152645999999772
0.00010152669499999771
0.00010152692999999771
0.00010191444999999771
0.00010205900499999771
0.0001020592399999977
0.0001020594749999977
0.0001024469949999977
0.0001025915499999977
0.0001025917849999977
0.0001025920199999977
0.00010259225499999769
0.00010259248999999769
0.00010259272499999768
0.00010259295999999768
0.00010259319499999767
0.00010259342999999767
0.00010304760499999767
0.00010323543999999767
0.00010323567499999767
0.00010323590999999766
0.00010323614499999766
0.00010323637999999765
0.00010323661499999765
0.00010362413499999765
0.00010376868999999765
0.00010376892499999765
0.00010376915999999764
0.00010376939499999764
0.00010376962999999763
0.00010376986499999763
0.00010377009999999763
0.00010377033499999762
0.00010377056999999762
0.00010377080499999761
0.00010377103999999761
0.0001037712749999976
0.0001037715099999976
0.0001037717449999976
0.0001037719799999976
0.0001041846999999976
0.0001043436549999976
0.0001043438899999976
0.00010434412499999759
0.00010436156499999759
0.00010439096499999759
0.00010446677999999759
0.00010451829499999759
0.00010451852999999759
0.0001049610799999976
0.0001051417949999976
0.0001051844899999976
0.0001052065649999976
0.0001052067999999976
0.0001052242399999976
0.0001056571999999976
0.0001058308749999976
0.00010583110999999759
0.00010583134499999759
0.00010621886499999759
0.00010636341999999759
0.00010636365499999758
0.00010636388999999758
0.00010639842999999758
0.00010641322499999758
0.00010641345999999758
0.00010641369499999757
0.00010641392999999757
0.00010645662499999757
0.00010690420499999757
0.00010722714499999757
0.00010742273999999757
0.00010742297499999757
0.00010742320999999757
0.00010742344499999756
0.00010742367999999756
0.00010744111999999756
0.00010747051999999756
0.00010748547499999755
0.00010748570999999755
0.00010748594499999754
0.00010748617999999754
0.00010748641499999754
0.00010748664999999753
0.00010750408999999753
0.00010751168499999753
0.00010752912499999753
0.00010755852499999753
0.00010761705999999752
0.00010764665499999752
0.00010764688999999752
0.00010771478499999752
0.00010775125999999752
0.00010816397999999752
0.00010832293499999752
0.00010832316999999752
0.00010835778499999752
0.00010837265999999752
0.00010837289499999752
0.00010839033499999752
0.00010839792999999752
0.00010839816499999751
0.00010839839999999751
0.0001083986349999975
0.0001083988699999975
0.0001083991049999975
0.00010839933999999749
0.00010839957499999749
0.00010841701499999749
0.00010842460999999749
0.00010842484499999748
0.00010844228499999748
0.00010844987999999748
0.00010851777499999748
0.00010855424999999747
0.00010855448499999747
0.00010855471999999747
0.00010857215999999747
0.00010860155999999746
0.00010861651499999746
0.00010861674999999746
0.00010861698499999745
0.00010861721999999745
0.00010861745499999744
0.00010861768999999744
0.00010861792499999744
0.00010863536499999744
0.00010864295999999743
0.00010870275499999743
0.00010873202999999743
0.00010873226499999743
0.00010874970499999743
0.00010875729999999742
0.00010877473999999742
0.00010882123999999742
0.00010884339499999742
0.00010884362999999742
0.00010886106999999742
0.00010889046999999741
0.00010890542499999741
0.0001089056599999974
0.0001089058949999974
0.0001089061299999974
0.0001089063649999974
0.00010890659999999739
0.00010890683499999739
0.00010890706999999738
0.00010931978999999739
0.00010959514999999739
0.00011043938999999739
0.00011091610499999739
0.00011134239999999739
0.00011150863499999739
0.00011157652999999738
0.00011161300499999738
0.00011168089999999738
0.00011171737499999738
0.00011213009499999738
0.00011228904999999738
0.00011228928499999738
0.00011228951999999738
0.00011228975499999737
0.00011271604999999737
0.00011288228499999736
0.00011295017999999736
0.00011348775999999736
0.00011373359499999737
0.00011373382999999736
0.00011376844499999737
0.00011378331999999737
0.00011381785999999737
0.00011383265499999737
0.00011383288999999737
0.00011383312499999737
0.00011383335999999736
0.00011383359499999736
0.00011383382999999735
0.00011424654999999736
0.00011467156499999736
0.00011502547999999737
0.00011504299499999737
0.00011505066999999737
0.00011546338999999737
0.00011562234499999737
0.00011562257999999737
0.00011607675499999737
0.00011639904499999736
0.00011659423999999736
0.00011659447499999736
0.00011659470999999735
0.00011661214999999736
0.00011661974499999735
0.00011661997999999735
0.00011663741999999735
0.00011666681999999734
0.00011668177499999734
0.00011668200999999734
0.00011668224499999733
0.00011668247999999733
0.00011668271499999732
0.00011668294999999732
0.00011668318499999732
0.00011670062499999732
0.00011673002499999731
0.00011677138499999732
0.00011679369999999732
0.00011720641999999732
0.00011736537499999732
0.00011736560999999732
0.00011736584499999731
0.00011736607999999731
0.0001173663149999973
0.0001173665499999973
0.0001173667849999973
0.0001173670199999973
0.00011736725499999729
0.00011736748999999729
0.00011736772499999728
0.00011736795999999728
0.00011736819499999727
0.00011775571499999728
0.00011790026999999727
0.00011791770999999727
0.00011794710999999727
0.00011796206499999727
0.00011796229999999726
0.00011796253499999726
0.00011797997499999726
0.00011798756999999726
0.00011798780499999725
0.00011798803999999725
0.00011798827499999724
0.00011800571499999724
0.00011803511499999724
0.00011805006999999724
0.00011805030499999723
0.00011805053999999723
0.00011806797999999723
0.00011809737999999723
0.00011813873999999723
0.00011816105499999723
0.00011817856999999723
0.00011818624499999723
0.00011822893999999723
0.00011825101499999723
0.00011825124999999723
0.00011826868999999723
0.00011831518999999723
0.00011833734499999723
0.00011833757999999722
0.00011833781499999722
0.00011835525499999722
0.00011836284999999722
0.00011836308499999721
0.00011836331999999721
0.00011839785999999721
0.00011841265499999721
0.0001184128899999972
0.00011844750499999721
0.00011846237999999721
0.00011846261499999721
0.00011848005499999721
0.0001184876499999972
0.0001184878849999972
0.0001184881199999972
0.0001184883549999972
0.00011848858999999719
0.00011848882499999719
0.00011850626499999719
0.00011851385999999718
0.00011851409499999718
0.00011851432999999717
0.00011853184499999717
0.00011853951999999717
0.00011853975499999717
0.00011853998999999717
0.00011854022499999716
0.00011854045999999716
0.00011854069499999716
0.00011854092999999715
0.00011897884999999716
0.00011984244999999715
0.00012033324499999715
0.00012033347999999715
0.00012033371499999714
0.00012033394999999714
0.00012033418499999714
0.00012033441999999713
0.00012033465499999713
0.00012033488999999712
0.00012035232999999713
0.00012035992499999712
0.00012036015999999712
0.00012036039499999711
0.00012040316499999711
0.00012042531999999711
0.0001204255549999971
0.0001204429949999971
0.00012050224999999711
0.00012053904499999712
0.00012053927999999711
0.00012053951499999711
0.00012055695499999711
0.0001205645499999971
0.0001205819899999971
0.0001205895849999971
0.0001205898199999971
0.00012059005499999709
0.00012059028999999709
0.00012059052499999708
0.00012060796499999709
0.00012066721999999709
0.0001207040149999971
0.00012070424999999709
0.00012070448499999709
0.00012070471999999708
0.00012070495499999708
0.00012070518999999708
0.00012070542499999707
0.00012070565999999707
0.00012070589499999706
0.00012070612999999706
0.00012111884999999707
0.00012210870499999708
0.00012323895499999707
0.00012392470999999706
0.00012433742999999706
0.00012449638499999706
0.00012449661999999707
0.00012449685499999708
0.0001244970899999971
0.0001248846099999971
0.0001250291649999971
0.0001250293999999971
0.0001250296349999971
0.00012508134999999711
0.0001251034249999971
0.00012510365999999712
0.00012519675499999712
0.00012524762999999712
0.00012524786499999713
0.00012524809999999714
0.00012524833499999715
0.00012526577499999715
0.00012527336999999716
0.00012527360499999717
0.00012527383999999718
0.0001252740749999972
0.0001252915149999972
0.0001252991099999972
0.0001252993449999972
0.00012529957999999722
0.00012531701999999722
0.00012536351999999722
0.00012538567499999721
0.00012540311499999721
0.00012541070999999722
0.00012544524999999723
0.00012546004499999723
0.00012546027999999724
0.00012546051499999725
0.00012546074999999726
0.00012546098499999727
0.00012552895499999726
0.00012560541499999727
0.00012564932999999727
0.00012564956499999728
0.0001256497999999973
0.0001256500349999973
0.0001256502699999973
0.00012565050499999732
0.00012603802499999733
0.00012628998499999733
0.00012644189999999733
0.00012644213499999734
0.00012644236999999735
0.00012684346499999735
0.00012699529999999734
0.00012699553499999735
0.00012701297499999735
0.00012702056999999736
0.00012742166499999735
0.00012757349999999734
0.00012757373499999735
0.00012757396999999736
0.00012757420499999737
0.00012757443999999738
0.0001275746749999974
0.0001280036499999974
0.0001281770849999974
0.0001281773199999974
0.00012817755499999742
0.00012819499499999742
0.0001282542499999974
0.0001282910449999974
0.0001282912799999974
0.00012829151499999742
0.00012870423499999743
0.00012886318999999743
0.00012886342499999744
0.00012886365999999745
0.00012929263499999744
0.00012946606999999745
0.00012946630499999746
0.00012946653999999747
0.00012946677499999748
0.0001294670099999975
0.0001294672449999975
0.0001294674799999975
0.00012946771499999752
0.00012946794999999753
0.00012946818499999754
0.00012946841999999755
0.00012946865499999756
0.00012946888999999757
0.00012948632999999757
0.00012949392499999758
0.0001294941599999976
0.0001294943949999976
0.0001294946299999976
0.0001295121449999976
0.0001295198199999976
0.0001295200549999976
0.00012952028999999761
0.00012952052499999762
0.00012953803999999762
0.0001295457149999976
0.00012954594999999762
0.00012954618499999763
0.00012954641999999764
0.00012954665499999765
0.00012954688999999766
0.00012958965999999766
0.00012961181499999765
0.00012961204999999766
0.00012961228499999767
0.00012961251999999768
0.00012965521499999768
0.00012967728999999767
0.00012967752499999768
0.0001296777599999977
0.0001297122999999977
0.0001297270949999977
0.0001297273299999977
0.00012972756499999772
0.0001297702599999977
0.0001297923349999977
0.00012979256999999772
0.00012979280499999773
0.00012979303999999774
0.00012979327499999774
0.00012979350999999775
0.00012979374499999776
0.00012979397999999777
0.00012979421499999778
0.0001297944499999978
0.0001297946849999978
0.0001297949199999978
0.00012979515499999782
0.00012981259499999782
0.00012982018999999783
0.00012982042499999784
0.00012982065999999785
0.00012982089499999786
0.00012983840999999786
0.00012984608499999785
0.00012984631999999786
0.00012984655499999787
0.00012984678999999788
0.00012986430499999788
0.00012987197999999786
0.00012987221499999787
0.00012987244999999788
0.00012991514499999788
0.00012993721999999787
0.00012993745499999788
0.00012998022499999788
0.00013000237999999788
0.0001300026149999979
0.0001300028499999979
0.0001300030849999979
0.0001303906049999979
0.0001305351599999979
0.00013053539499999792
0.00013053562999999793
0.00013094834999999793
0.00013110730499999793
0.00013110753999999794
0.00013110777499999795
0.00013149529499999795
0.00013163984999999795
0.00013164008499999796
0.00013164031999999797
0.00013164055499999798
0.000131640789999998
0.000131641024999998
0.000131641259999998
0.00013164149499999802
0.00013164172999999803
0.00013164196499999804
0.00013164219999999805
0.00013164243499999806
0.00013164266999999807
0.00013203018999999807
0.00013217474499999807
0.00013217497999999807
0.00013217521499999808
0.0001321754499999981
0.0001322182199999981
0.0001322403749999981
0.0001322406099999981
0.0001322408449999981
0.00013224107999999812
0.00013224131499999813
0.00013224154999999814
0.00013224178499999815
0.00013224201999999816
0.00013224225499999817
0.00013224248999999818
0.00013224272499999819
0.00013228549499999818
0.00013230764999999818
0.0001323078849999982
0.0001323081199999982
0.0001323083549999982
0.0001323257949999982
0.00013233338999999822
0.00013233362499999823
0.00013233385999999824
0.00013236839999999824
0.00013238319499999824
0.00013238342999999825
0.00013238366499999826
0.00013283783999999826
0.00013302567499999825
0.00013302590999999826
0.00013306860499999825
0.00013309067999999825
0.00013309091499999826
0.00013309114999999827
0.00013309138499999828
0.00013309161999999829
0.0001330918549999983
0.0001330920899999983
0.00013309232499999831
0.00013309255999999832
0.00013309279499999833
0.00013311023499999833
0.00013311782999999834
0.00013311806499999835
0.00013311829999999836
0.00013311853499999837
0.00013313604999999837
0.00013314372499999836
0.00013314395999999837
0.00013314419499999838
0.0001331444299999984
0.0001331446649999984
0.0001331448999999984
0.00013314513499999842
0.00013314536999999843
0.00013314560499999844
0.00013314583999999845
0.00013314607499999846
0.00013318876999999845
0.00013321084499999845
0.00013321107999999846
0.00013321131499999847
0.00013321154999999848
0.00013322898999999848
0.00013323658499999849
0.0001332368199999985
0.0001332370549999985
0.0001332715949999985
0.0001332863899999985
0.00013328662499999852
0.00013328685999999853
0.00013330429999999853
0.00013331189499999854
0.00013331212999999855
0.00013331236499999856
0.00013331259999999857
0.00013370011999999857
0.00013384467499999856
0.00013384490999999857
0.00013384514499999858
0.0001338453799999986
0.0001338456149999986
0.0001338458499999986
0.00013384608499999862
0.00013384631999999863
0.00013386375999999863
0.00013387135499999864
0.00013387158999999865
0.00013387182499999866
0.00013387205999999867
0.00013391482999999867
0.00013393698499999867
0.00013393721999999868
0.00013393745499999869
0.0001339376899999987
0.0001339379249999987
0.00013393815999999871
0.00013393839499999872
0.00013393862999999873
0.00013393886499999874
0.00013393909999999875
0.00013393933499999876
0.00013398210499999876
0.00013400425999999876
0.00013400449499999877
0.00013400472999999878
0.0001340049649999988
0.0001340224049999988
0.0001340299999999988
0.0001340302349999988
0.00013403046999999882
0.00013406500999999882
0.00013407980499999882
0.00013408003999999883
0.00013408027499999884
0.00013409771499999884
0.00013410530999999885
0.00013410554499999886
0.00013410577999999887
0.00013410601499999888
0.00013410624999999889
0.0001341064849999989
0.0001341067199999989
0.00013410695499999891
0.00013410718999999892
0.00013410742499999893
0.00013410765999999894
0.00013410789499999895
0.00013410812999999896
0.00013412556999999896
0.00013413316499999897
0.00013413339999999898
0.000134133634999999
0.000134133869999999
0.000134176639999999
0.000134198794999999
0.000134199029999999
0.00013419926499999902
0.00013419949999999903
0.00013419973499999904
0.00013419996999999905
0.00013420020499999905
0.00013420043999999906
0.00013420067499999907
0.00013420090999999908
0.0001342011449999991
0.0001342439149999991
0.0001342660699999991
0.0001342663049999991
0.0001342665399999991
0.00013426677499999912
0.00013428421499999912
0.00013429180999999913
0.00013429204499999914
0.00013429227999999915
0.00013432681999999915
0.00013434161499999915
0.00013434184999999916
0.00013434208499999917
0.00013435952499999917
0.00013436711999999918
0.0001343673549999992
0.0001343675899999992
0.0001343678249999992
0.00013436805999999922
0.00013436829499999923
0.00013436852999999924
0.00013436876499999925
0.00013436899999999926
0.00013436923499999926
0.00013436946999999927
0.00013436970499999928
0.0001343699399999993
0.0001343873799999993
0.0001343949749999993
0.0001343952099999993
0.00013439544499999932
0.00013441288499999932
0.00013445938499999932
0.00013448153999999932
0.00013448177499999933
0.00013448200999999934
0.00013448224499999935
0.00013448247999999936
0.00013452517499999936
0.00013454724999999935
0.00013493476999999936
0.00013507932499999935
0.00013507955999999936
0.00013507979499999937
0.00013508002999999938
0.0001350802649999994
0.0001350804999999994
0.0001350807349999994
0.00013508096999999942
0.00013508120499999943
0.00013549392499999943
0.00013565287999999943
0.00013565311499999944
0.00013565334999999945
0.00013567078999999945
0.00013571728999999945
0.00013577034999999945
0.00013579986499999945
0.00013580009999999946
0.00013580033499999947
0.00013580056999999948
0.0001358008049999995
0.0001358010399999995
0.0001358608349999995
0.0001358901099999995
0.00013589034499999952
0.00013589057999999953
0.00013589081499999954
0.00013589104999999955
0.00013590856499999955
0.00013591623999999953
0.00013591647499999954
0.00013591670999999955
0.00013591694499999956
0.00013591717999999957
0.00013593469499999957
0.00013594236999999956
0.00013594260499999957
0.00013594283999999958
0.00013598553499999958
0.00013600760999999957
0.00013600784499999958
0.00013602528499999958
0.0001360328799999996
0.0001360331149999996
0.0001360505549999996
0.0001360581499999996
0.00013605838499999962
0.00013605861999999963
0.00013605885499999964
0.00013605908999999965
0.00013605932499999966
0.00013605955999999967
0.00013605979499999968
0.00013606002999999969
0.00013607754499999968
0.00013608521999999967
0.00013610273499999967
0.00013611040999999966
0.00013611064499999967
0.00013615341499999967
0.00013624542999999967
0.00013631134499999967
0.00013631157999999968
0.0001363118149999997
0.00013635458499999968
0.00013640764499999968
0.00013643715999999968
0.0001364373949999997
0.0001364548349999997
0.0001364842349999997
0.0001364991899999997
0.0001364994249999997
0.00013649965999999972
0.00013649989499999973
0.00013653443499999973
0.00013654922999999973
0.00013654946499999974
0.00013654969999999975
0.00013654993499999976
0.00013656737499999976
0.00013662670499999975
0.00013666357999999974
0.00013666381499999975
0.00013666404999999976
0.00013710196999999977
0.00013727532499999977
0.00013727555999999978
0.0001372757949999998
0.0001372760299999998
0.0001372762649999998
0.00013729370499999981
0.00013730129999999982
0.00013730153499999983
0.00013730176999999984
0.00013730200499999985
0.00013730223999999986
0.00013734493499999986
0.00013736700999999985
0.00013736724499999986
0.00013736747999999987
0.00013736771499999988
0.00013738515499999988
0.0001373927499999999
0.0001377802699999999
0.0001379248249999999
0.0001379423399999999
0.00013797186999999988
0.00013798690499999987
0.00013798713999999988
0.0001379873749999999
0.0001379876099999999
0.0001379878449999999
0.00013798807999999992
0.00013798831499999993
0.00013798854999999994
0.00013798878499999995
0.00013798901999999996
0.00013798925499999997
0.00013800669499999997
0.00013801428999999998
0.00013801452499999999
0.00013801476
0.000138014995
0.000138427715
0.000138703075
0.00013886939
0.000138869625
0.00013886986000000002
0.00013887009500000003
0.00013887033000000004
0.00013887056500000005
0.00013887080000000006
0.00013887103500000007
0.00013887127000000008
0.0001388715050000001
0.0001388717400000001
0.0001388719750000001
0.00013887221000000012
0.00013887244500000013
0.00013887268000000014
0.00013887291500000015
0.00013887315000000016
0.00013890769000000016
0.00013894879000000016
0.00013897094500000016
0.00013938366500000017
0.00013954262000000017
0.00013958531500000016
0.00013965534500000017
0.00013969198000000018
0.0001396922150000002
0.0001396924500000002
0.0001396926850000002
0.00013969292000000022
0.00013969315500000023
0.00013972769500000023
0.00013974249000000023
0.00013974272500000024
0.00013974296000000025
0.00013974319500000026
0.00013974343000000027
0.00013974366500000028
0.00013977820500000028
0.00013979300000000028
0.0001397932350000003
0.0001397934700000003
0.0001398451100000003
0.0001398671050000003
0.0001398673400000003
0.0001398675750000003
0.00013986781000000032
0.00013986804500000033
0.00013986828000000034
0.00013986851500000035
0.00013986875000000036
0.00013986898500000037
0.00013986922000000038
0.0001398694550000004
0.0001398696900000004
0.0001398699250000004
0.0001399126200000004
0.0001399655500000004
0.0001399949850000004
0.0001399952200000004
0.00014002976000000042
0.00014007086000000042
0.00014009301500000042
0.00014009325000000043
0.00014009348500000044
0.00014009372000000045
0.00014012826000000045
0.00014014305500000045
0.00014014329000000046
0.00014014352500000047
0.00014014376000000048
0.00014014399500000049
0.0001401785350000005
0.0001401933300000005
0.0001402107700000005
0.0001402183650000005
0.0001406310850000005
0.0001407900400000005
0.0001407902750000005
0.00014079051000000052
0.00014079074500000053
0.00014079098000000054
0.00014080842000000054
0.00014081601500000055
0.00014081625000000056
0.00014083369000000056
0.00014084128500000057
0.00014084152000000058
0.0001408417550000006
0.0001408419900000006
0.0001408422250000006
0.00014084246000000062
0.00014084269500000063
0.00014084293000000064
0.00014084316500000065
0.00014084340000000066
0.00014084363500000067
0.00014084387000000068
0.00014086138500000068
0.00014086906000000066
0.00014086929500000067
0.00014086953000000068
0.0001408697650000007
0.0001408700000000007
0.0001408702350000007
0.00014087047000000072
0.00014087070500000073
0.00014088822000000073
0.00014093485000000073
0.00014095708500000073
0.00014095732000000074
0.00014095755500000075
0.00014095779000000076
0.00014099233000000076
0.00014100712500000076
0.00014100736000000077
0.00014100759500000078
0.0001410078300000008
0.0001410080650000008
0.0001410255800000008
0.0001411021900000008
0.0001411464250000008
0.0001411466600000008
0.00014114689500000082
0.00014118143500000083
0.00014119623000000082
0.00014123077000000083
0.00014124556500000083
0.00014124580000000084
0.00014124603500000085
0.00014131400500000084
0.00014135056000000085
0.00014141035500000085
0.00014143963000000086
0.00014143986500000087
0.00014149966000000087
0.00014156429000000088
0.00014160092500000088
0.0001416011600000009
0.0001416013950000009
0.0001416188350000009
0.0001416264300000009
0.00014162666500000092
0.00014166936000000092
0.00014172229000000092
0.00014175172500000092
0.00014175196000000093
0.00014175219500000094
0.00014175243000000095
0.00014175266500000096
0.00014175290000000096
0.00014175313500000097
0.00014175337000000098
0.000141753605000001
0.000141771045000001
0.000141778640000001
0.000141813180000001
0.000141827975000001
0.00014182821000000102
0.00014182844500000103
0.00014182868000000103
0.00014188847500000104
0.00014191775000000105
0.00014191798500000105
0.00014191822000000106
0.00014191845500000107
0.00014191869000000108
0.0001419189250000011
0.0001419191600000011
0.0001419193950000011
0.00014195393500000112
0.00014196873000000112
0.00014198617000000112
0.00014199376500000112
0.00014199400000000113
0.00014199423500000114
0.00014199447000000115
0.00014199470500000116
0.00014199494000000117
0.00014199517500000118
0.0001419954100000012
0.0001419956450000012
0.0001419958800000012
0.00014199611500000122
0.00014203065500000123
0.00014204545000000122
0.00014204568500000123
0.00014204592000000124
0.00014204615500000125
0.00014204639000000126
0.00014204662500000127
0.00014204686000000128
0.0001420470950000013
0.0001420473300000013
0.0001420475650000013
0.00014204780000000132
0.00014204803500000133
0.00014208257500000133
0.00014209737000000133
0.00014209760500000134
0.00014209784000000135
0.00014209807500000136
0.00014214971500000137
0.00014217171000000136
0.00014217194500000137
0.00014217218000000137
0.00014217241500000138
0.0001421726500000014
0.0001421728850000014
0.0001421731200000014
0.00014217335500000142
0.00014217359000000143
0.00014217382500000144
0.00014217406000000145
0.00014217429500000146
0.00014217453000000147
0.00014217476500000148
0.00014219220500000148
0.0001421998000000015
0.0001422000350000015
0.0001422345750000015
0.0001422756750000015
0.0001423458350000015
0.0001423825500000015
0.0001423827850000015
0.00014238302000000151
0.00014241756000000152
0.00014245866000000152
0.00014248081500000152
0.00014248105000000153
0.00014248128500000154
0.00014248152000000155
0.00014248175500000156
0.00014248199000000157
0.00014248222500000158
0.00014248246000000159
0.0001424826950000016
0.0001424829300000016
0.0001428704500000016
0.0001430150050000016
0.00014301524000000161
0.00014303268000000161
0.00014304027500000162
0.00014308297000000162
0.00014310504500000162
0.00014310528000000163
0.00014310551500000163
0.00014310575000000164
0.00014310598500000165
0.00014351870500000166
0.00014367766000000166
0.00014367789500000167
0.00014367813000000168
0.0001436783650000017
0.0001436786000000017
0.0001436788350000017
0.00014367907000000172
0.00014367930500000173
0.00014367954000000174
0.00014367977500000175
0.00014371439000000175
0.00014377272000000175
0.00014425411500000175
0.00014446435000000176
0.00014446458500000177
0.00014446482000000178
0.0001444650550000018
0.0001444824950000018
0.0001444900900000018
0.0001444903250000018
0.00014449056000000182
0.00014449079500000183
0.00014450831000000183
0.00014451598500000182
0.00014451622000000183
0.00014451645500000184
0.00014453389500000184
0.00014454149000000185
0.00014454172500000186
0.00014454196000000187
0.00014454219500000188
0.00014460199000000188
0.0001446312650000019
0.0001446315000000019
0.0001446317350000019
0.00014463197000000192
0.00014463220500000193
0.00014463244000000194
0.00014463267500000194
0.00014463291000000195
0.00014463314500000196
0.00014463338000000197
0.00014463361500000198
0.000144633850000002
0.000144676545000002
0.000144729550000002
0.000144759065000002
0.000144759300000002
0.000144759535000002
0.00014475977000000202
0.00014476000500000203
0.00014476024000000204
0.00014476047500000205
0.00014476071000000206
0.00014476094500000207
0.00014476118000000208
0.0001447614150000021
0.0001447616500000021
0.0001447618850000021
0.00014476212000000212
0.00014476235500000213
0.00014476259000000214
0.00014476282500000215
0.00014478034000000214
0.00014478801500000213
0.00014478825000000214
0.00014478848500000215
0.00014478872000000216
0.00014480616000000216
0.00014481375500000217
0.00014481399000000218
0.0001448142250000022
0.0001448144600000022
0.0001448319750000022
0.0001448396500000022
0.0001448398850000022
0.0001448401200000022
0.0001448575600000022
0.00014486515500000222
0.00014486539000000223
0.00014490808500000222
0.00014493016000000222
0.00014498995500000222
0.00014501923000000223
0.00014501946500000224
0.00014501970000000225
0.00014501993500000226
0.00014502017000000227
0.00014502040500000228
0.00014502064000000228
0.0001450208750000023
0.0001450211100000023
0.00014502134500000231
0.00014502158000000232
0.00014502181500000233
0.00014506451000000233
0.00014508658500000232
0.00014508682000000233
0.00014510426000000233
0.00014511185500000234
0.00014511209000000235
0.00014511232500000236
0.00014511256000000237
0.00014511279500000238
0.0001451130300000024
0.0001451132650000024
0.0001451135000000024
0.00014511373500000242
0.00014511397000000243
0.00014511420500000244
0.00014514874500000244
0.00014516354000000244
0.00014516377500000245
0.00014516401000000246
0.00014518152500000246
0.00014518920000000245
0.00014518943500000246
0.00014518967000000247
0.00014518990500000248
0.00014520734500000248
0.0001452149400000025
0.0001452151750000025
0.0001452154100000025
0.00014521564500000252
0.00014523316000000252
0.0001452408350000025
0.0001452410700000025
0.00014524130500000252
0.00014525874500000252
0.00014526634000000253
0.00014526657500000254
0.00014526681000000255
0.00014526704500000256
0.00014532691500000256
0.00014535627000000255
0.00014535650500000256
0.00014535674000000257
0.00014535697500000258
0.0001453572100000026
0.0001453574450000026
0.0001453576800000026
0.00014535791500000262
0.00014535815000000263
0.00014535838500000264
0.00014535862000000265
0.00014535885500000265
0.00014540155000000265
0.00014542362500000265
0.00014542386000000266
0.00014542409500000267
0.00014542433000000267
0.00014542456500000268
0.0001454248000000027
0.0001454250350000027
0.0001454252700000027
0.00014542550500000272
0.00014542574000000273
0.00014542597500000274
0.00014542621000000275
0.00014542644500000276
0.00014542668000000277
0.00014542691500000278
0.0001454271500000028
0.0001454273850000028
0.0001454276200000028
0.0001454451350000028
0.0001454528100000028
0.0001454530450000028
0.00014545328000000282
0.00014545351500000283
0.00014547095500000283
0.00014547855000000284
0.00014547878500000285
0.00014547902000000286
0.00014547925500000286
0.00014554722500000286
0.00014558378000000287
0.00014558401500000287
0.00014558425000000288
0.00014560169000000288
0.0001456092850000029
0.0001456095200000029
0.00014560975500000291
0.00014560999000000292
0.00014566978500000293
0.00014569906000000293
0.00014569929500000294
0.00014569953000000295
0.00014569976500000296
0.00014570000000000297
0.00014570023500000298
0.000145700470000003
0.000145700705000003
0.000145700940000003
0.00014570117500000302
0.00014570141000000303
0.00014570164500000304
0.00014574434000000304
0.00014576641500000303
0.00014576665000000304
0.00014576688500000305
0.00014576712000000306
0.00014576735500000307
0.00014576759000000308
0.0001457678250000031
0.0001457680600000031
0.0001457682950000031
0.00014576853000000312
0.00014576876500000313
0.00014576900000000314
0.00014576923500000315
0.00014578667500000315
0.00014583325000000315
0.00014585548500000315
0.00014585572000000316
0.00014585595500000317
0.00014592392500000317
0.00014596048000000317
0.00014596071500000318
0.0001459609500000032
0.0001459611850000032
0.0001459786250000032
0.0001459862200000032
0.00014598645500000322
0.00014598669000000323
0.00014598692500000324
0.00014600444000000324
0.00014601211500000322
0.00014601235000000323
0.00014601258500000324
0.00014603002500000324
0.00014603762000000325
0.00014603785500000326
0.00014603809000000327
0.00014603832500000328
0.00014607286500000329
0.0001461139650000033
0.0001462230800000033
0.0001462961950000033
0.00014629643000000332
0.00014629666500000333
0.00014629690000000334
0.00014629713500000335
0.00014629737000000336
0.00014629760500000337
0.00014629784000000338
0.0001462980750000034
0.0001462983100000034
0.0001463410050000034
0.0001463630800000034
0.0001463633150000034
0.0001463635500000034
0.00014636378500000342
0.00014636402000000343
0.00014636425500000344
0.00014636449000000345
0.00014636472500000346
0.00014636496000000347
0.00014636519500000348
0.00014636543000000348
0.0001463656650000035
0.0001463659000000035
0.00014636613500000351
0.00014636637000000352
0.00014636660500000353
0.00014636684000000354
0.00014636707500000355
0.00014638459000000355
0.00014639226500000354
0.00014639250000000355
0.00014639273500000356
0.00014639297000000357
0.00014641041000000357
0.00014641800500000358
0.0001464182400000036
0.0001464184750000036
0.0001464187100000036
0.0001464362250000036
0.0001464439000000036
0.0001464441350000036
0.0001464443700000036
0.0001464618100000036
0.00014646940500000362
0.00014646964000000363
0.00014646987500000364
0.00014647011000000365
0.00014652990500000365
0.00014655918000000366
0.00014655941500000367
0.00014655965000000368
0.0001465598850000037
0.0001465601200000037
0.0001465603550000037
0.00014656059000000372
0.00014656082500000373
0.00014656106000000374
0.00014656129500000375
0.00014656153000000376
0.00014656176500000377
0.00014660446000000377
0.00014662653500000376
0.00014662677000000377
0.00014662700500000378
0.0001466272400000038
0.0001466274750000038
0.0001466277100000038
0.00014662794500000382
0.00014662818000000383
0.00014662841500000384
0.00014662865000000385
0.00014662888500000386
0.00014662912000000387
0.00014662935500000388
0.00014662959000000389
0.0001466298250000039
0.0001466300600000039
0.00014663029500000391
0.00014663053000000392
0.00014664804500000392
0.0001466557200000039
0.00014665595500000392
0.00014665619000000393
0.00014665642500000394
0.00014667386500000394
0.00014668146000000395
0.00014668169500000396
0.00014668193000000397
0.00014668216500000398
0.00014669968000000398
0.00014670735500000397
0.00014670759000000397
0.00014670782500000398
0.00014672526500000398
0.000146732860000004
0.000146733095000004
0.00014673333000000401
0.00014673356500000402
0.00014679336000000403
0.00014682263500000403
0.00014682287000000404
0.00014682310500000405
0.00014682334000000406
0.00014682357500000407
0.00014682381000000408
0.0001468240450000041
0.0001468242800000041
0.0001468245150000041
0.00014682475000000412
0.00014682498500000413
0.00014682522000000414
0.00014686791500000414
0.00014688999000000413
0.00014689022500000414
0.00014695812000000414
0.00014699459500000414
0.00014699483000000415
0.00014699506500000416
0.00014699530000000417
0.00014699553500000418
0.00014699577000000419
0.0001469960050000042
0.0001469962400000042
0.00014699647500000421
0.00014699671000000422
0.00014699694500000423
0.00014699718000000424
0.00014699741500000425
0.00014703203000000426
0.00014704690500000426
0.00014753085500000425
0.00014774037000000426
0.00014774060500000427
0.00014774084000000428
0.0001477410750000043
0.0001477585150000043
0.0001477661100000043
0.0001478006500000043
0.0001478154450000043
0.0001482165400000043
0.0001484803300000043
0.0001488806850000043
0.00014922068000000431
0.00014922091500000432
0.00014922115000000433
0.00014922138500000434
0.00014922162000000435
0.00014922185500000436
0.00014922209000000437
0.00014960961000000438
0.00014975416500000437
0.00015018314000000437
0.00015035657500000438
0.00015037401500000438
0.00015040341500000438
0.00015041837000000439
0.00015043581000000439
0.0001504434050000044
0.0001504436400000044
0.00015044387500000441
0.00015044411000000442
0.00015044434500000443
0.00015044458000000444
0.00015044481500000445
0.00015047935500000446
0.00015049415000000446
0.00015049438500000446
0.00015049462000000447
0.00015049485500000448
0.0001504950900000045
0.0001504953250000045
0.0001504955600000045
0.00015049579500000452
0.00015049603000000453
0.00015051347000000453
0.00015052106500000454
0.00015055560500000455
0.00015059670500000455
0.00015061886000000455
0.00015061909500000456
0.00015061933000000457
0.00015061956500000458
0.00015065410500000458
0.00015066890000000458
0.0001506691350000046
0.0001506693700000046
0.0001506696050000046
0.00015066984000000462
0.00015070438000000462
0.00015071917500000462
0.00015073661500000462
0.00015074421000000463
0.00015080400500000463
0.00015083328000000464
0.00015083351500000465
0.00015083375000000466
0.00015083398500000467
0.00015083422000000468
0.00015085166000000468
0.0001508592550000047
0.0001508594900000047
0.0001508769300000047
0.0001508845250000047
0.00015088476000000472
0.00015088499500000473
0.00015088523000000474
0.00015088546500000474
0.00015088570000000475
0.00015088593500000476
0.00015088617000000477
0.00015088640500000478
0.0001508866400000048
0.0001508868750000048
0.0001508871100000048
0.0001509046250000048
0.0001509123000000048
0.0001509125350000048
0.00015091277000000482
0.00015091300500000483
0.00015091324000000484
0.00015093068000000484
0.00015093827500000485
0.00015093851000000486
0.00015095602500000486
0.00015100265500000485
0.00015102489000000486
0.00015102512500000487
0.00015102536000000488
0.00015102559500000488
0.0001510258300000049
0.0001510260650000049
0.00015102630000000491
0.00015102653500000492
0.00015102677000000493
0.00015102700500000494
0.00015104452000000494
0.00015105219500000493
0.00015105243000000494
0.00015105266500000495
0.00015105290000000496
0.00015108744000000496
0.00015110223500000496
0.00015113677500000496
0.00015115157000000496
0.00015115180500000497
0.00015115204000000498
0.000151152275000005
0.000151152510000005
0.000151212305000005
0.000151241580000005
0.00015124181500000502
0.00015130161000000502
0.00015136624000000503
0.00015140287500000504
0.00015140311000000505
0.00015140334500000506
0.00015142078500000506
0.00015142838000000507
0.00015142861500000508
0.00015147131000000508
0.00015152424000000508
0.00015158920500000508
0.00015162608000000508
0.00015162631500000509
0.0001516265500000051
0.0001516267850000051
0.00015162702000000511
0.00015162725500000512
0.00015166995000000512
0.00015169202500000511
0.00015170946500000512
0.00015171706000000512
0.00015175160000000513
0.00015176639500000513
0.00015176663000000514
0.00015176686500000515
0.00015176710000000516
0.00015176733500000517
0.00015176757000000518
0.00015176780500000518
0.0001517680400000052
0.0001517682750000052
0.00015176851000000521
0.00015176874500000522
0.00015176898000000523
0.00015176921500000524
0.00015180375500000525
0.00015181855000000524
0.00015183599000000525
0.00015184358500000525
0.00015184382000000526
0.00015184405500000527
0.00015184429000000528
0.0001518445250000053
0.0001518447600000053
0.0001518449950000053
0.00015184523000000532
0.00015184546500000533
0.00015184570000000534
0.00015184593500000535
0.00015188047500000536
0.00015189527000000535
0.00015189550500000536
0.00015189574000000537
0.00015189597500000538
0.0001518962100000054
0.0001518964450000054
0.0001518966800000054
0.00015189691500000542
0.00015195678500000542
0.0001519861400000054
0.00015198637500000542
0.00015198661000000543
0.00015198684500000544
0.00015202138500000544
0.00015203618000000544
0.00015203641500000545
0.00015203665000000546
0.00015213874500000547
0.00015218962000000547
0.00015218985500000548
0.00015219009000000549
0.0001521903250000055
0.0001521905600000055
0.00015219079500000552
0.00015219103000000553
0.00015219126500000553
0.00015219150000000554
0.00015219173500000555
0.00015219197000000556
0.00015219220500000557
0.00015219244000000558
0.0001521926750000056
0.0001522101150000056
0.0001522177100000056
0.0001522352250000056
0.0001522818550000056
0.0001523350450000056
0.0001523646400000056
0.0001523648750000056
0.00015236511000000561
0.00015236534500000562
0.00015239988500000563
0.00015244098500000563
0.00015246314000000563
0.00015246337500000564
0.00015246361000000565
0.00015246384500000566
0.00015246408000000567
0.00015246431500000568
0.00015246455000000569
0.0001524647850000057
0.0001524650200000057
0.00015246525500000571
0.00015246549000000572
0.00015246572500000573
0.00015246596000000574
0.00015246619500000575
0.00015246643000000576
0.00015250097000000577
0.00015251576500000577
0.00015251600000000577
0.00015251623500000578
0.0001525164700000058
0.0001525167050000058
0.0001525169400000058
0.00015251717500000582
0.00015251741000000583
0.00015251764500000584
0.00015251788000000585
0.00015251811500000586
0.00015257791000000586
0.00015260718500000587
0.00015260742000000588
0.00015266721500000588
0.0001527318450000059
0.0001527684800000059
0.0001527687150000059
0.00015276895000000592
0.00015278639000000592
0.00015281579000000592
0.00015283074500000593
0.00015284818500000593
0.00015287758500000592
0.00015289254000000593
0.00015289277500000594
0.00015289301000000595
0.00015289324500000596
0.00015289348000000597
0.00015289371500000598
0.000152893950000006
0.000152894185000006
0.000152894420000006
0.000152911860000006
0.00015291945500000602
0.00015295399500000602
0.00015296879000000602
0.00015296902500000603
0.00015296926000000604
0.00015296949500000605
0.00015296973000000606
0.00015296996500000607
0.00015297020000000608
0.0001529704350000061
0.0001529706700000061
0.0001529709050000061
0.00015297114000000612
0.00015297137500000613
0.00015297161000000614
0.00015300615000000614
0.00015302094500000614
0.00015303838500000614
0.00015304598000000615
0.00015304621500000616
0.00015304645000000617
0.00015304668500000618
0.0001530469200000062
0.0001530471550000062
0.0001530473900000062
0.00015304762500000622
0.00015304786000000623
0.00015304809500000624
0.00015304833000000625
0.00015308287000000625
0.00015309766500000625
0.00015309790000000626
0.00015317479500000626
0.00015325112500000628
0.00015375854500000627
0.00015415220500000627
0.00015439132000000626
0.00015440876000000626
0.00015441635500000627
0.00015441659000000628
0.0001544168250000063
0.0001544170600000063
0.0001544172950000063
0.00015441753000000632
0.00015441776500000633
0.00015441800000000634
0.00015443544000000634
0.00015444303500000635
0.00015483055500000635
0.00015497511000000635
0.00015497534500000636
0.00015497558000000637
0.00015497581500000638
0.00015537691000000638
0.00015552874500000637
0.00015552898000000638
0.00015554642000000638
0.00015555401500000639
0.00015595511000000638
0.00015610694500000637
0.00015650804000000637
0.00015665987500000636
0.00015666011000000637
0.00015666034500000638
0.0001566605800000064
0.00015710313000000638
0.00015728384500000639
0.0001572840800000064
0.0001572843150000064
0.00015728455000000642
0.00015767207000000642
0.00015781662500000641
0.00015781686000000642
0.00015781709500000643
0.00015786873500000644
0.00015789073000000643
0.00015789096500000644
0.00015789120000000645
0.00015793389500000645
0.00015795597000000644
0.00015795620500000645
0.00015795644000000646
0.00015795667500000647
0.00015795691000000648
0.0001579571450000065
0.00015835824000000649
0.0001586220300000065
0.0001596010700000065
0.0001602586650000065
0.00016068764000000648
0.00016098653000000648
0.0001611673250000065
0.0001611675600000065
0.0001616353100000065
0.0001618304250000065
0.0001618306600000065
0.00016183089500000652
0.00016224361500000653
0.00016240257000000653
0.00016240280500000654
0.00016240304000000655
0.00016281576000000655
0.00016297471500000655
0.00016297495000000656
0.00016297518500000657
0.00016297542000000658
0.0001629756550000066
0.0001629758900000066
0.0001629761250000066
0.00016297636000000662
0.00016304433000000662
0.00016308088500000662
0.00016308112000000663
0.00016308135500000664
0.00016309879500000664
0.00016314529500000664
0.00016316745000000664
0.00016316768500000665
0.00016316792000000666
0.00016318536000000666
0.00016319295500000667
0.00016319319000000668
0.00016319342500000669
0.0001631936600000067
0.0001631938950000067
0.0001632113350000067
0.00016321893000000671
0.00016327880000000671
0.0001633081550000067
0.0001633083900000067
0.00016330862500000672
0.00016334316500000672
0.00016335796000000672
0.00016335819500000673
0.00016335843000000674
0.00016339297000000675
0.00016340776500000674
0.00016340800000000675
0.00016340823500000676
0.00016340847000000677
0.00016340870500000678
0.0001634089400000068
0.0001634091750000068
0.0001634437900000068
0.0001634586650000068
0.0001639128400000068
0.0001641006750000068
0.0001641009100000068
0.0001641011450000068
0.0001641691150000068
0.00016420567000000681
0.00016420590500000682
0.00016420614000000683
0.00016427403500000683
0.00016431051000000683
0.00016471160500000683
0.00016486344000000682
0.00016492331000000682
0.0001649526650000068
0.00016495290000000681
0.00016495313500000682
0.00016501293000000683
0.00016507756000000683
0.00016517125000000684
0.00016522244500000684
0.00016525706000000684
0.00016527193500000685
0.00016527217000000686
0.00016527240500000686
0.00016527264000000687
0.00016527287500000688
0.0001652731100000069
0.0001652733450000069
0.0001652735800000069
0.0001653414750000069
0.0001653779500000069
0.00016537818500000692
0.00016537842000000693
0.00016537865500000694
0.00016544662500000694
0.00016548318000000694
0.00016548341500000695
0.00016548365000000696
0.00016550109000000696
0.00016550868500000697
0.00016550892000000698
0.000165509155000007
0.000165569025000007
0.00016559838000000697
0.00016559861500000698
0.000165598850000007
0.000165599085000007
0.000165599320000007
0.00016559955500000702
0.00016559979000000703
0.00016563433000000704
0.00016564912500000703
0.00016564936000000704
0.00016564959500000705
0.00016564983000000706
0.00016565006500000707
0.00016565030000000708
0.0001656505350000071
0.0001656507700000071
0.0001656510050000071
0.00016565124000000712
0.00016565147500000713
0.00016565171000000714
0.00016565194500000715
0.00016571991500000715
0.00016575647000000715
0.00016575670500000716
0.00016575694000000717
0.00016577438000000717
0.00016580378000000717
0.00016581873500000718
0.0001658189700000072
0.0001658788400000072
0.00016590819500000717
0.00016590843000000718
0.0001659086650000072
0.0001659089000000072
0.0001659091350000072
0.00016590937000000722
0.00016590960500000723
0.00016594414500000724
0.00016595894000000723
0.00016595917500000724
0.00016595941000000725
0.00016595964500000726
0.00016595988000000727
0.00016596011500000728
0.0001659603500000073
0.0001659605850000073
0.0001660285550000073
0.0001660651100000073
0.0001660653450000073
0.00016606558000000732
0.00016608302000000732
0.00016609061500000733
0.00016609085000000734
0.00016609108500000735
0.00016609132000000736
0.00016610876000000736
0.00016611635500000737
0.00016611659000000738
0.0001661168250000074
0.0001661170600000074
0.0001661172950000074
0.00016611753000000742
0.00016611776500000743
0.00016617763500000743
0.00016620699000000742
0.00016620722500000743
0.00016620746000000743
0.00016620769500000744
0.00016620793000000745
0.00016620816500000746
0.00016620840000000747
0.00016624294000000748
0.00016625773500000748
0.00016625797000000749
0.0001662582050000075
0.0001662584400000075
0.00016625867500000751
0.00016625891000000752
0.00016625914500000753
0.00016625938000000754
0.00016625961500000755
0.00016625985000000756
0.00016626008500000757
0.00016626032000000758
0.0001662605550000076
0.0001663285250000076
0.0001663650800000076
0.0001663653150000076
0.0001663655500000076
0.0001663829900000076
0.00016639058500000762
0.00016639082000000763
0.00016639105500000764
0.00016645092500000764
0.00016648028000000763
0.00016690657500000763
0.00016707281000000762
0.00016707304500000763
0.00016707328000000764
0.00016707351500000765
0.00016707375000000766
0.00016710829000000766
0.00016712308500000766
0.00016712332000000767
0.00016712355500000768
0.0001671237900000077
0.0001671240250000077
0.0001671242600000077
0.00016712449500000772
0.00016712473000000773
0.00016712496500000774
0.00016715950500000774
0.00016717430000000774
0.00016717453500000775
0.00016717477000000776
0.00016724274000000776
0.00016727929500000776
0.00016727953000000777
0.00016727976500000778
0.00016729720500000778
0.0001673048000000078
0.0001673050350000078
0.0001673052700000078
0.00016730550500000782
0.00016732294500000782
0.00016733054000000783
0.00016733077500000784
0.00016785155000000783
0.00016808258500000783
0.00016808282000000784
0.00016808305500000785
0.00016811759500000786
0.00016813239000000786
0.00016813262500000787
0.00016813286000000788
0.00016813309500000789
0.0001681333300000079
0.0001681335650000079
0.00016813380000000791
0.00016813403500000792
0.00016813427000000793
0.00016813450500000794
0.00016813474000000795
0.00016813497500000796
0.00016813521000000797
0.00016813544500000798
0.000168135680000008
0.000168587175000008
0.000168767810000008
0.000168785250000008
0.000168814650000008
0.000168829605000008
0.000168829840000008
0.000168940110000008
0.000168998265000008
0.00016899850000000801
0.00016899873500000802
0.00016899897000000803
0.00016899920500000804
0.00016899944000000805
0.00016899967500000806
0.00016903421500000807
0.00016904901000000806
0.00016904924500000807
0.00016904948000000808
0.0001690497150000081
0.0001690499500000081
0.0001690501850000081
0.00016905042000000812
0.00016905065500000813
0.00016915282500000814
0.00016920378000000814
0.00016920401500000815
0.00016920425000000816
0.00016922169000000816
0.00016922928500000817
0.00016922952000000818
0.0001692297550000082
0.0001692299900000082
0.0001692474300000082
0.0001692550250000082
0.00016925526000000822
0.00016925549500000823
0.00016925573000000824
0.00016929850000000824
0.00016932065500000824
0.00016932089000000825
0.00016943116000000825
0.00016948931500000824
0.00016948955000000825
0.00016948978500000826
0.00016949002000000827
0.00016949025500000828
0.0001694904900000083
0.0001694907250000083
0.0001695252650000083
0.0001695400600000083
0.00016954029500000831
0.00016954053000000832
0.00016954076500000833
0.00016954100000000834
0.00016954123500000835
0.00016954147000000836
0.00016954170500000837
0.00016954194000000838
0.00016999611500000838
0.00017018395000000837
0.00017018418500000838
0.0001701844200000084
0.0001702865900000084
0.0001703375450000084
0.0001703377800000084
0.00017033801500000842
0.00017035545500000842
0.00017036305000000843
0.00017036328500000844
0.00017036352000000845
0.00017047379000000845
0.00017053194500000845
0.00017053218000000846
0.00017053241500000847
0.00017053265000000847
0.00017053288500000848
0.0001705331200000085
0.0001705333550000085
0.0001705678950000085
0.0001705826900000085
0.00017058292500000852
0.00017058316000000853
0.00017058339500000853
0.00017058363000000854
0.00017058386500000855
0.00017058410000000856
0.00017058433500000857
0.00017058457000000858
0.0001705848050000086
0.0001705850400000086
0.0001705852750000086
0.00017058551000000862
0.00017068768000000863
0.00017073863500000863
0.00017073887000000864
0.00017073910500000865
0.00017075654500000865
0.00017076414000000866
0.00017078158000000866
0.00017081098000000866
0.00017095437000000865
0.00017104196500000864
0.00017104220000000865
0.00017104243500000866
0.00017104267000000867
0.00017104290500000868
0.0001710431400000087
0.0001710433750000087
0.0001710779150000087
0.0001710927100000087
0.00017109294500000871
0.00017109318000000872
0.00017109341500000873
0.00017109365000000874
0.00017109388500000875
0.00017109412000000876
0.00017109435500000877
0.00017109459000000878
0.0001710948250000088
0.0001710950600000088
0.0001710952950000088
0.00017109553000000882
0.00017119770000000883
0.00017124865500000883
0.00017124889000000884
0.00017131686000000884
0.00017139332000000885
0.00017148174000000885
0.00017153301500000886
0.00017153325000000887
0.00017164352000000887
0.00017170167500000886
0.00017170191000000887
0.00017170214500000888
0.0001717023800000089
0.0001717026150000089
0.0001717624100000089
0.00017179168500000891
0.00017182622500000892
0.00017184102000000892
0.00017184125500000893
0.00017184149000000894
0.00017184172500000894
0.00017184196000000895
0.00017184219500000896
0.00017184243000000897
0.00017184266500000898
0.000171944835000009
0.000171995790000009
0.000171996025000009
0.00017199626000000901
0.00017201370000000902
0.00017202129500000902
0.00017202153000000903
0.00017202176500000904
0.00017202200000000905
0.00017203944000000905
0.00017204703500000906
0.00017204727000000907
0.00017204750500000908
0.0001720477400000091
0.0001720479750000091
0.0001720482100000091
0.00017204844500000912
0.00017215871500000912
0.00017221687000000912
0.00017221710500000913
0.00017221734000000914
0.00017221757500000915
0.00017221781000000916
0.00017221804500000917
0.00017221828000000918
0.00017225282000000918
0.00017226761500000918
0.0001722678500000092
0.0001722680850000092
0.0001722683200000092
0.00017226855500000922
0.00017226879000000923
0.00017226902500000924
0.00017226926000000925
0.00017233723000000925
0.00017237378500000925
0.00017237402000000926
0.00017237425500000927
0.00017237449000000928
0.00017245146000000928
0.00017248801500000928
0.0001724882500000093
0.0001724884850000093
0.0001725059250000093
0.0001725135200000093
0.00017251375500000932
0.00017251399000000933
0.00017262426000000933
0.00017268241500000933
0.00017313391000000933
0.00017331454500000933
0.00017331478000000934
0.00017331501500000935
0.00017331525000000936
0.00017331548500000937
0.00017342568000000937
0.00017348375500000936
0.00017348399000000937
0.00017348422500000938
0.0001734844600000094
0.0001734846950000094
0.0001734849300000094
0.00017348516500000942
0.00017348540000000943
0.00017348563500000944
0.00017348587000000945
0.00017348610500000946
0.00017348634000000947
0.00017348657500000948
0.00017358874500000948
0.0001736397000000095
0.0001736743150000095
0.0001736891900000095
0.0001737570850000095
0.0001737935600000095
0.0001737937950000095
0.0001737940300000095
0.00017384574500000952
0.0001738678200000095
0.00017386805500000952
0.00017386829000000953
0.00017386852500000954
0.00017386876000000955
0.00017386899500000956
0.00017386923000000957
0.00017397942500000957
0.00017403750000000956
0.00017403773500000957
0.00017403797000000958
0.0001740382050000096
0.0001740384400000096
0.0001740386750000096
0.00017403891000000962
0.00017403914500000963
0.00017403938000000964
0.00017403961500000965
0.00017403985000000966
0.00017404008500000967
0.00017404032000000968
0.0001740405550000097
0.0001740407900000097
0.0001744283100000097
0.0001752514850000097
0.0001757063600000097
0.0001757065950000097
0.00017570683000000972
0.00017570706500000973
0.00017570730000000974
0.00017570753500000975
0.00017609505500000976
0.00017623961000000975
0.00017623984500000976
0.00017624008000000977
0.00017624031500000978
0.0001762405500000098
0.0001762407850000098
0.0001766283050000098
0.0001767728600000098
0.0001767730950000098
0.00017677333000000982
0.00017677356500000983
0.00017677380000000984
0.00017677403500000985
0.00017677427000000986
0.00017677450500000987
0.00017677474000000988
0.00017677497500000989
0.0001767752100000099
0.0001767754450000099
0.00017677568000000991
0.00017677591500000992
0.00017677615000000993
0.00017677638500000994
0.00017677662000000995
0.00017677685500000996
0.00017677709000000997
0.00017677732500000998
0.00017677756000001
0.00017677779500001
0.00017677803000001
0.00017677826500001002
0.00017716578500001002
0.00017731034000001002
0.00017731057500001003
0.00017731081000001004
0.00017731104500001005
0.00017731128000001006
0.00017731151500001007
0.00017731175000001008
0.0001773119850000101
0.0001773122200000101
0.0001776997400000101
0.0001778442950000101
0.0001778445300000101
0.00017784476500001012
0.00017784500000001013
0.00017786244000001013
0.00017827020000001014
0.00017854615500001014
0.00017871287000001014
0.00017912559000001014
0.00017954250500001014
0.00017988922000001012
0.00017988945500001013
0.00017988969000001014
0.00017988992500001015
0.00017989016000001016
0.00017989039500001017
0.00017989063000001018
0.00018029172500001018
0.00018109614500001018
0.0001815439000000102
0.0001815441350000102
0.0001816039300000102
0.0001816332050000102
0.0001816506450000102
0.00018165824000001022
0.00018165847500001023
0.00018169301500001024
0.00018170781000001023
0.00018170804500001024
0.00018170828000001025
0.00018170851500001026
0.00018223386500001027
0.00018247218000001027
0.00018247241500001028
0.0001824726500000103
0.0001824728850000103
0.0001825245250000103
0.0001829970850000103
0.0001831995600000103
0.0001836951350000103
0.0001839117700000103
0.0001839120050000103
0.00018391224000001031
0.00018391247500001032
0.00018395517000001032
0.00018402520000001033